ch	pt	fine_thr	a_fit	b_fit
 0	 0	 0	214.031	0.277
 0	 0	 1	212.950	0.340
 0	 0	 2	211.956	0.369
 0	 0	 3	210.774	0.361
 0	 0	 4	209.824	0.354
 0	 0	 5	208.616	0.359
 0	 0	 6	207.660	0.362
 0	 0	 7	206.474	0.346
 0	 1	 0	213.981	0.329
 0	 1	 1	212.938	0.304
 0	 1	 2	211.888	0.323
 0	 1	 3	210.701	0.291
 0	 1	 4	209.718	0.292
 0	 1	 5	208.601	0.280
 0	 1	 6	207.609	0.287
 0	 1	 7	206.453	0.261
 0	 2	 0	213.965	0.276
 0	 2	 1	212.893	0.310
 0	 2	 2	211.895	0.252
 0	 2	 3	210.669	0.260
 0	 2	 4	209.707	0.257
 0	 2	 5	208.626	0.269
 0	 2	 6	207.491	0.248
 0	 2	 7	206.417	0.262
 0	 3	 0	213.933	0.270
 0	 3	 1	212.875	0.240
 0	 3	 2	211.863	0.241
 0	 3	 3	210.671	0.261
 0	 3	 4	209.660	0.249
 0	 3	 5	208.549	0.264
 0	 3	 6	207.521	0.256
 0	 3	 7	206.374	0.228
 0	 4	 0	213.978	0.278
 0	 4	 1	212.886	0.243
 0	 4	 2	211.859	0.240
 0	 4	 3	210.642	0.234
 0	 4	 4	209.672	0.245
 0	 4	 5	208.551	0.237
 0	 4	 6	207.555	0.239
 0	 4	 7	206.397	0.234
 0	 5	 0	213.973	0.278
 0	 5	 1	212.898	0.266
 0	 5	 2	211.872	0.243
 0	 5	 3	210.653	0.212
 0	 5	 4	209.645	0.243
 0	 5	 5	208.577	0.235
 0	 5	 6	207.550	0.207
 0	 5	 7	206.455	0.222
 0	 6	 0	213.969	0.277
 0	 6	 1	212.811	0.266
 0	 6	 2	211.790	0.222
 0	 6	 3	210.621	0.241
 0	 6	 4	209.671	0.218
 0	 6	 5	208.564	0.230
 0	 6	 6	207.539	0.215
 0	 6	 7	206.453	0.231
 0	 7	 0	213.987	0.279
 0	 7	 1	212.917	0.271
 0	 7	 2	211.877	0.244
 0	 7	 3	210.629	0.219
 0	 7	 4	209.720	0.208
 0	 7	 5	208.560	0.228
 0	 7	 6	207.542	0.221
 0	 7	 7	206.401	0.218
 1	 0	 0	209.545	0.335
 1	 0	 1	208.410	0.328
 1	 0	 2	207.499	0.331
 1	 0	 3	206.322	0.324
 1	 0	 4	205.427	0.318
 1	 0	 5	204.334	0.321
 1	 0	 6	203.389	0.320
 1	 0	 7	202.240	0.332
 1	 1	 0	209.587	0.302
 1	 1	 1	208.443	0.299
 1	 1	 2	207.543	0.286
 1	 1	 3	206.306	0.293
 1	 1	 4	205.390	0.278
 1	 1	 5	204.305	0.262
 1	 1	 6	203.363	0.290
 1	 1	 7	202.282	0.271
 1	 2	 0	209.649	0.269
 1	 2	 1	208.505	0.281
 1	 2	 2	207.524	0.265
 1	 2	 3	206.374	0.277
 1	 2	 4	205.418	0.265
 1	 2	 5	204.285	0.249
 1	 2	 6	203.350	0.252
 1	 2	 7	202.271	0.254
 1	 3	 0	209.604	0.285
 1	 3	 1	208.479	0.256
 1	 3	 2	207.531	0.259
 1	 3	 3	206.380	0.247
 1	 3	 4	205.417	0.246
 1	 3	 5	204.332	0.243
 1	 3	 6	203.322	0.247
 1	 3	 7	202.274	0.253
 1	 4	 0	209.585	0.270
 1	 4	 1	208.476	0.263
 1	 4	 2	207.467	0.265
 1	 4	 3	206.340	0.274
 1	 4	 4	205.436	0.263
 1	 4	 5	204.382	0.261
 1	 4	 6	203.351	0.258
 1	 4	 7	202.272	0.275
 1	 5	 0	209.621	0.262
 1	 5	 1	208.460	0.263
 1	 5	 2	207.474	0.273
 1	 5	 3	206.402	0.253
 1	 5	 4	205.415	0.276
 1	 5	 5	204.330	0.234
 1	 5	 6	203.343	0.229
 1	 5	 7	202.277	0.236
 1	 6	 0	209.661	0.263
 1	 6	 1	208.453	0.255
 1	 6	 2	207.517	0.259
 1	 6	 3	206.382	0.281
 1	 6	 4	205.451	0.256
 1	 6	 5	204.347	0.260
 1	 6	 6	203.372	0.250
 1	 6	 7	202.296	0.256
 1	 7	 0	209.631	0.271
 1	 7	 1	208.456	0.277
 1	 7	 2	207.482	0.252
 1	 7	 3	206.412	0.278
 1	 7	 4	205.488	0.268
 1	 7	 5	204.332	0.252
 1	 7	 6	203.333	0.252
 1	 7	 7	202.287	0.232
 2	 0	 0	223.170	0.331
 2	 0	 1	222.116	0.322
 2	 0	 2	221.061	0.278
 2	 0	 3	219.986	0.368
 2	 0	 4	219.085	0.318
 2	 0	 5	218.078	0.303
 2	 0	 6	217.097	0.340
 2	 0	 7	216.023	0.358
 2	 1	 0	223.205	0.309
 2	 1	 1	222.088	0.331
 2	 1	 2	221.097	0.298
 2	 1	 3	220.036	0.309
 2	 1	 4	219.073	0.281
 2	 1	 5	218.013	0.270
 2	 1	 6	217.114	0.288
 2	 1	 7	216.021	0.328
 2	 2	 0	223.195	0.280
 2	 2	 1	222.106	0.290
 2	 2	 2	221.125	0.287
 2	 2	 3	220.023	0.283
 2	 2	 4	219.096	0.296
 2	 2	 5	218.032	0.267
 2	 2	 6	217.110	0.289
 2	 2	 7	216.032	0.298
 2	 3	 0	223.162	0.244
 2	 3	 1	222.112	0.250
 2	 3	 2	221.087	0.298
 2	 3	 3	220.017	0.283
 2	 3	 4	219.098	0.248
 2	 3	 5	218.027	0.268
 2	 3	 6	217.115	0.253
 2	 3	 7	215.999	0.285
 2	 4	 0	223.127	0.284
 2	 4	 1	222.155	0.296
 2	 4	 2	221.076	0.254
 2	 4	 3	220.038	0.280
 2	 4	 4	219.097	0.248
 2	 4	 5	218.052	0.263
 2	 4	 6	217.143	0.278
 2	 4	 7	216.022	0.283
 2	 5	 0	223.153	0.276
 2	 5	 1	222.099	0.253
 2	 5	 2	221.125	0.287
 2	 5	 3	220.061	0.276
 2	 5	 4	219.125	0.241
 2	 5	 5	218.051	0.264
 2	 5	 6	217.116	0.252
 2	 5	 7	216.010	0.284
 2	 6	 0	223.191	0.281
 2	 6	 1	222.069	0.261
 2	 6	 2	221.118	0.307
 2	 6	 3	220.042	0.280
 2	 6	 4	219.119	0.242
 2	 6	 5	218.091	0.259
 2	 6	 6	217.079	0.262
 2	 6	 7	216.062	0.274
 2	 7	 0	223.222	0.271
 2	 7	 1	222.092	0.255
 2	 7	 2	221.075	0.254
 2	 7	 3	220.054	0.277
 2	 7	 4	219.115	0.244
 2	 7	 5	218.072	0.258
 2	 7	 6	217.142	0.279
 2	 7	 7	215.968	0.283
 3	 0	 0	213.354	0.390
 3	 0	 1	212.289	0.424
 3	 0	 2	211.296	0.418
 3	 0	 3	210.180	0.419
 3	 0	 4	209.241	0.416
 3	 0	 5	208.132	0.380
 3	 0	 6	207.118	0.430
 3	 0	 7	205.936	0.396
 3	 1	 0	213.350	0.351
 3	 1	 1	212.291	0.368
 3	 1	 2	211.271	0.384
 3	 1	 3	210.170	0.382
 3	 1	 4	209.265	0.378
 3	 1	 5	208.094	0.314
 3	 1	 6	207.059	0.343
 3	 1	 7	205.943	0.336
 3	 2	 0	213.352	0.328
 3	 2	 1	212.268	0.337
 3	 2	 2	211.228	0.351
 3	 2	 3	210.141	0.333
 3	 2	 4	209.275	0.312
 3	 2	 5	208.129	0.303
 3	 2	 6	207.064	0.274
 3	 2	 7	205.934	0.323
 3	 3	 0	213.347	0.327
 3	 3	 1	212.329	0.293
 3	 3	 2	211.226	0.308
 3	 3	 3	210.176	0.287
 3	 3	 4	209.184	0.308
 3	 3	 5	208.124	0.305
 3	 3	 6	207.083	0.318
 3	 3	 7	205.974	0.329
 3	 4	 0	213.365	0.316
 3	 4	 1	212.285	0.307
 3	 4	 2	211.219	0.318
 3	 4	 3	210.158	0.308
 3	 4	 4	209.191	0.281
 3	 4	 5	208.039	0.276
 3	 4	 6	207.116	0.307
 3	 4	 7	205.983	0.312
 3	 5	 0	213.362	0.286
 3	 5	 1	212.341	0.318
 3	 5	 2	211.246	0.329
 3	 5	 3	210.153	0.275
 3	 5	 4	209.176	0.320
 3	 5	 5	208.062	0.337
 3	 5	 6	207.088	0.273
 3	 5	 7	205.973	0.312
 3	 6	 0	213.386	0.308
 3	 6	 1	212.297	0.311
 3	 6	 2	211.318	0.302
 3	 6	 3	210.110	0.335
 3	 6	 4	209.221	0.284
 3	 6	 5	208.090	0.296
 3	 6	 6	207.111	0.262
 3	 6	 7	206.001	0.311
 3	 7	 0	213.373	0.305
 3	 7	 1	212.264	0.331
 3	 7	 2	211.262	0.317
 3	 7	 3	210.166	0.332
 3	 7	 4	209.258	0.289
 3	 7	 5	208.146	0.311
 3	 7	 6	207.139	0.300
 3	 7	 7	205.999	0.270
 4	 0	 0	222.365	0.353
 4	 0	 1	221.299	0.338
 4	 0	 2	220.349	0.354
 4	 0	 3	219.210	0.350
 4	 0	 4	218.280	0.361
 4	 0	 5	217.193	0.385
 4	 0	 6	216.205	0.347
 4	 0	 7	215.050	0.379
 4	 1	 0	222.441	0.306
 4	 1	 1	221.337	0.302
 4	 1	 2	220.327	0.298
 4	 1	 3	219.168	0.314
 4	 1	 4	218.269	0.309
 4	 1	 5	217.154	0.309
 4	 1	 6	216.184	0.332
 4	 1	 7	215.043	0.328
 4	 2	 0	222.453	0.291
 4	 2	 1	221.325	0.290
 4	 2	 2	220.330	0.293
 4	 2	 3	219.194	0.264
 4	 2	 4	218.254	0.261
 4	 2	 5	217.147	0.244
 4	 2	 6	216.188	0.283
 4	 2	 7	215.010	0.328
 4	 3	 0	222.491	0.281
 4	 3	 1	221.271	0.254
 4	 3	 2	220.301	0.255
 4	 3	 3	219.171	0.229
 4	 3	 4	218.326	0.268
 4	 3	 5	217.158	0.274
 4	 3	 6	216.150	0.250
 4	 3	 7	215.073	0.260
 4	 4	 0	222.476	0.274
 4	 4	 1	221.347	0.276
 4	 4	 2	220.378	0.263
 4	 4	 3	219.194	0.281
 4	 4	 4	218.247	0.244
 4	 4	 5	217.187	0.283
 4	 4	 6	216.201	0.278
 4	 4	 7	215.018	0.272
 4	 5	 0	222.541	0.269
 4	 5	 1	221.330	0.260
 4	 5	 2	220.325	0.275
 4	 5	 3	219.141	0.237
 4	 5	 4	218.308	0.287
 4	 5	 5	217.191	0.281
 4	 5	 6	216.145	0.279
 4	 5	 7	215.029	0.270
 4	 6	 0	222.498	0.277
 4	 6	 1	221.323	0.255
 4	 6	 2	220.359	0.275
 4	 6	 3	219.239	0.277
 4	 6	 4	218.289	0.248
 4	 6	 5	217.213	0.256
 4	 6	 6	216.190	0.265
 4	 6	 7	215.018	0.272
 4	 7	 0	222.488	0.263
 4	 7	 1	221.353	0.263
 4	 7	 2	220.349	0.259
 4	 7	 3	219.207	0.276
 4	 7	 4	218.272	0.255
 4	 7	 5	217.214	0.225
 4	 7	 6	216.190	0.264
 4	 7	 7	215.063	0.263
 5	 0	 0	231.716	0.334
 5	 0	 1	230.648	0.330
 5	 0	 2	229.701	0.297
 5	 0	 3	228.622	0.320
 5	 0	 4	227.789	0.287
 5	 0	 5	226.648	0.319
 5	 0	 6	225.678	0.320
 5	 0	 7	224.539	0.312
 5	 1	 0	231.769	0.280
 5	 1	 1	230.658	0.268
 5	 1	 2	229.724	0.295
 5	 1	 3	228.578	0.295
 5	 1	 4	227.740	0.270
 5	 1	 5	226.590	0.290
 5	 1	 6	225.636	0.274
 5	 1	 7	224.524	0.298
 5	 2	 0	231.770	0.280
 5	 2	 1	230.642	0.267
 5	 2	 2	229.682	0.237
 5	 2	 3	228.598	0.268
 5	 2	 4	227.723	0.273
 5	 2	 5	226.625	0.254
 5	 2	 6	225.644	0.272
 5	 2	 7	224.511	0.290
 5	 3	 0	231.800	0.233
 5	 3	 1	230.669	0.266
 5	 3	 2	229.763	0.220
 5	 3	 3	228.613	0.259
 5	 3	 4	227.716	0.261
 5	 3	 5	226.631	0.257
 5	 3	 6	225.608	0.257
 5	 3	 7	224.577	0.259
 5	 4	 0	231.778	0.253
 5	 4	 1	230.689	0.268
 5	 4	 2	229.753	0.245
 5	 4	 3	228.634	0.253
 5	 4	 4	227.723	0.253
 5	 4	 5	226.646	0.251
 5	 4	 6	225.663	0.250
 5	 4	 7	224.553	0.241
 5	 5	 0	231.804	0.234
 5	 5	 1	230.676	0.255
 5	 5	 2	229.751	0.261
 5	 5	 3	228.626	0.249
 5	 5	 4	227.740	0.240
 5	 5	 5	226.604	0.264
 5	 5	 6	225.713	0.232
 5	 5	 7	224.586	0.238
 5	 6	 0	231.766	0.250
 5	 6	 1	230.689	0.251
 5	 6	 2	229.753	0.217
 5	 6	 3	228.638	0.248
 5	 6	 4	227.751	0.243
 5	 6	 5	226.710	0.248
 5	 6	 6	225.670	0.253
 5	 6	 7	224.531	0.242
 5	 7	 0	231.798	0.232
 5	 7	 1	230.664	0.250
 5	 7	 2	229.766	0.220
 5	 7	 3	228.670	0.253
 5	 7	 4	227.742	0.259
 5	 7	 5	226.689	0.260
 5	 7	 6	225.674	0.245
 5	 7	 7	224.564	0.239
 6	 0	 0	214.071	0.428
 6	 0	 1	212.978	0.454
 6	 0	 2	211.993	0.452
 6	 0	 3	210.901	0.468
 6	 0	 4	209.991	0.460
 6	 0	 5	208.904	0.469
 6	 0	 6	208.001	0.433
 6	 0	 7	206.890	0.480
 6	 1	 0	214.018	0.392
 6	 1	 1	212.933	0.381
 6	 1	 2	212.025	0.383
 6	 1	 3	210.937	0.400
 6	 1	 4	209.986	0.392
 6	 1	 5	208.876	0.391
 6	 1	 6	207.998	0.388
 6	 1	 7	206.856	0.365
 6	 2	 0	214.027	0.353
 6	 2	 1	212.968	0.365
 6	 2	 2	211.998	0.356
 6	 2	 3	210.913	0.334
 6	 2	 4	210.022	0.356
 6	 2	 5	208.900	0.379
 6	 2	 6	207.931	0.338
 6	 2	 7	206.826	0.371
 6	 3	 0	213.999	0.324
 6	 3	 1	212.970	0.310
 6	 3	 2	211.995	0.371
 6	 3	 3	210.945	0.264
 6	 3	 4	209.970	0.351
 6	 3	 5	208.862	0.300
 6	 3	 6	207.944	0.343
 6	 3	 7	206.844	0.383
 6	 4	 0	214.010	0.304
 6	 4	 1	212.931	0.326
 6	 4	 2	211.993	0.308
 6	 4	 3	210.881	0.321
 6	 4	 4	210.013	0.329
 6	 4	 5	208.895	0.325
 6	 4	 6	207.974	0.298
 6	 4	 7	206.884	0.333
 6	 5	 0	214.026	0.309
 6	 5	 1	212.942	0.306
 6	 5	 2	212.033	0.321
 6	 5	 3	210.917	0.301
 6	 5	 4	209.999	0.339
 6	 5	 5	208.900	0.312
 6	 5	 6	207.967	0.308
 6	 5	 7	206.917	0.303
 6	 6	 0	213.998	0.306
 6	 6	 1	212.977	0.310
 6	 6	 2	212.013	0.328
 6	 6	 3	210.902	0.328
 6	 6	 4	210.033	0.331
 6	 6	 5	208.921	0.322
 6	 6	 6	207.992	0.322
 6	 6	 7	206.863	0.314
 6	 7	 0	214.030	0.311
 6	 7	 1	212.974	0.310
 6	 7	 2	212.049	0.308
 6	 7	 3	210.923	0.298
 6	 7	 4	209.993	0.321
 6	 7	 5	208.974	0.308
 6	 7	 6	207.958	0.291
 6	 7	 7	206.875	0.259
 7	 0	 0	226.906	0.444
 7	 0	 1	225.719	0.417
 7	 0	 2	224.844	0.443
 7	 0	 3	223.716	0.423
 7	 0	 4	222.747	0.397
 7	 0	 5	221.609	0.404
 7	 0	 6	220.678	0.405
 7	 0	 7	219.581	0.391
 7	 1	 0	226.856	0.363
 7	 1	 1	225.812	0.360
 7	 1	 2	224.751	0.346
 7	 1	 3	223.723	0.333
 7	 1	 4	222.736	0.369
 7	 1	 5	221.580	0.353
 7	 1	 6	220.643	0.360
 7	 1	 7	219.547	0.338
 7	 2	 0	226.890	0.311
 7	 2	 1	225.799	0.349
 7	 2	 2	224.808	0.336
 7	 2	 3	223.693	0.334
 7	 2	 4	222.718	0.335
 7	 2	 5	221.570	0.317
 7	 2	 6	220.666	0.318
 7	 2	 7	219.532	0.314
 7	 3	 0	226.852	0.310
 7	 3	 1	225.806	0.293
 7	 3	 2	224.805	0.321
 7	 3	 3	223.703	0.324
 7	 3	 4	222.710	0.331
 7	 3	 5	221.590	0.326
 7	 3	 6	220.667	0.303
 7	 3	 7	219.589	0.295
 7	 4	 0	226.902	0.252
 7	 4	 1	225.781	0.311
 7	 4	 2	224.877	0.247
 7	 4	 3	223.748	0.282
 7	 4	 4	222.731	0.276
 7	 4	 5	221.587	0.294
 7	 4	 6	220.631	0.291
 7	 4	 7	219.576	0.268
 7	 5	 0	226.865	0.301
 7	 5	 1	225.761	0.303
 7	 5	 2	224.804	0.293
 7	 5	 3	223.731	0.291
 7	 5	 4	222.718	0.308
 7	 5	 5	221.628	0.270
 7	 5	 6	220.625	0.301
 7	 5	 7	219.571	0.296
 7	 6	 0	226.902	0.268
 7	 6	 1	225.839	0.292
 7	 6	 2	224.841	0.294
 7	 6	 3	223.725	0.273
 7	 6	 4	222.698	0.290
 7	 6	 5	221.622	0.290
 7	 6	 6	220.651	0.300
 7	 6	 7	219.584	0.285
 7	 7	 0	226.914	0.271
 7	 7	 1	225.814	0.283
 7	 7	 2	224.828	0.269
 7	 7	 3	223.781	0.255
 7	 7	 4	222.693	0.288
 7	 7	 5	221.645	0.282
 7	 7	 6	220.661	0.289
 7	 7	 7	219.600	0.286
 8	 0	 0	218.294	0.483
 8	 0	 1	217.272	0.497
 8	 0	 2	216.294	0.462
 8	 0	 3	215.209	0.511
 8	 0	 4	214.198	0.510
 8	 0	 5	213.231	0.489
 8	 0	 6	212.277	0.466
 8	 0	 7	211.082	0.502
 8	 1	 0	218.282	0.428
 8	 1	 1	217.231	0.409
 8	 1	 2	216.273	0.412
 8	 1	 3	215.173	0.402
 8	 1	 4	214.255	0.455
 8	 1	 5	213.168	0.378
 8	 1	 6	212.219	0.439
 8	 1	 7	211.082	0.432
 8	 2	 0	218.307	0.380
 8	 2	 1	217.224	0.403
 8	 2	 2	216.264	0.347
 8	 2	 3	215.177	0.365
 8	 2	 4	214.255	0.390
 8	 2	 5	213.151	0.377
 8	 2	 6	212.254	0.374
 8	 2	 7	211.130	0.375
 8	 3	 0	218.343	0.390
 8	 3	 1	217.235	0.380
 8	 3	 2	216.323	0.392
 8	 3	 3	215.194	0.362
 8	 3	 4	214.218	0.384
 8	 3	 5	213.193	0.415
 8	 3	 6	212.278	0.387
 8	 3	 7	211.125	0.396
 8	 4	 0	218.320	0.367
 8	 4	 1	217.254	0.360
 8	 4	 2	216.307	0.380
 8	 4	 3	215.200	0.386
 8	 4	 4	214.221	0.407
 8	 4	 5	213.210	0.407
 8	 4	 6	212.241	0.380
 8	 4	 7	211.185	0.380
 8	 5	 0	218.333	0.384
 8	 5	 1	217.266	0.381
 8	 5	 2	216.324	0.391
 8	 5	 3	215.162	0.395
 8	 5	 4	214.265	0.441
 8	 5	 5	213.243	0.429
 8	 5	 6	212.257	0.407
 8	 5	 7	211.187	0.404
 8	 6	 0	218.345	0.417
 8	 6	 1	217.266	0.441
 8	 6	 2	216.357	0.449
 8	 6	 3	215.194	0.423
 8	 6	 4	214.332	0.466
 8	 6	 5	213.230	0.431
 8	 6	 6	212.305	0.430
 8	 6	 7	211.252	0.419
 8	 7	 0	218.373	0.455
 8	 7	 1	217.286	0.464
 8	 7	 2	216.403	0.453
 8	 7	 3	215.210	0.464
 8	 7	 4	214.360	0.454
 8	 7	 5	213.264	0.434
 8	 7	 6	212.347	0.451
 8	 7	 7	211.267	0.476
 9	 0	 0	214.915	0.440
 9	 0	 1	213.792	0.397
 9	 0	 2	212.903	0.448
 9	 0	 3	211.882	0.412
 9	 0	 4	210.911	0.435
 9	 0	 5	209.922	0.464
 9	 0	 6	208.833	0.406
 9	 0	 7	207.786	0.398
 9	 1	 0	214.916	0.396
 9	 1	 1	213.839	0.366
 9	 1	 2	212.886	0.386
 9	 1	 3	211.846	0.329
 9	 1	 4	210.842	0.357
 9	 1	 5	209.843	0.405
 9	 1	 6	208.852	0.362
 9	 1	 7	207.758	0.369
 9	 2	 0	214.864	0.360
 9	 2	 1	213.811	0.343
 9	 2	 2	212.906	0.398
 9	 2	 3	211.824	0.342
 9	 2	 4	210.903	0.393
 9	 2	 5	209.806	0.357
 9	 2	 6	208.819	0.368
 9	 2	 7	207.737	0.355
 9	 3	 0	214.880	0.350
 9	 3	 1	213.823	0.359
 9	 3	 2	212.905	0.369
 9	 3	 3	211.832	0.358
 9	 3	 4	210.895	0.340
 9	 3	 5	209.888	0.361
 9	 3	 6	208.897	0.356
 9	 3	 7	207.771	0.346
 9	 4	 0	214.838	0.395
 9	 4	 1	213.867	0.329
 9	 4	 2	212.898	0.391
 9	 4	 3	211.829	0.378
 9	 4	 4	210.892	0.362
 9	 4	 5	209.817	0.382
 9	 4	 6	208.862	0.372
 9	 4	 7	207.819	0.395
 9	 5	 0	214.889	0.428
 9	 5	 1	213.852	0.373
 9	 5	 2	212.902	0.393
 9	 5	 3	211.893	0.370
 9	 5	 4	210.921	0.411
 9	 5	 5	209.859	0.401
 9	 5	 6	208.854	0.393
 9	 5	 7	207.797	0.407
 9	 6	 0	214.914	0.400
 9	 6	 1	213.878	0.444
 9	 6	 2	212.981	0.410
 9	 6	 3	211.833	0.463
 9	 6	 4	210.957	0.420
 9	 6	 5	209.916	0.469
 9	 6	 6	208.852	0.450
 9	 6	 7	207.830	0.434
 9	 7	 0	214.931	0.421
 9	 7	 1	213.894	0.437
 9	 7	 2	212.932	0.446
 9	 7	 3	211.888	0.435
 9	 7	 4	210.978	0.458
 9	 7	 5	209.880	0.473
 9	 7	 6	208.928	0.441
 9	 7	 7	207.847	0.458
10	 0	 0	222.956	0.393
10	 0	 1	221.971	0.400
10	 0	 2	220.928	0.427
10	 0	 3	219.794	0.342
10	 0	 4	218.952	0.350
10	 0	 5	217.870	0.372
10	 0	 6	216.950	0.395
10	 0	 7	215.976	0.424
10	 1	 0	222.940	0.329
10	 1	 1	221.882	0.352
10	 1	 2	220.948	0.315
10	 1	 3	219.804	0.340
10	 1	 4	218.905	0.320
10	 1	 5	217.841	0.362
10	 1	 6	216.953	0.326
10	 1	 7	215.860	0.352
10	 2	 0	222.928	0.353
10	 2	 1	221.889	0.344
10	 2	 2	220.944	0.306
10	 2	 3	219.804	0.312
10	 2	 4	218.959	0.327
10	 2	 5	217.843	0.308
10	 2	 6	216.966	0.308
10	 2	 7	215.867	0.337
10	 3	 0	222.957	0.327
10	 3	 1	221.873	0.356
10	 3	 2	220.922	0.327
10	 3	 3	219.846	0.329
10	 3	 4	218.960	0.319
10	 3	 5	217.865	0.337
10	 3	 6	216.948	0.350
10	 3	 7	215.833	0.331
10	 4	 0	222.945	0.349
10	 4	 1	221.866	0.353
10	 4	 2	220.920	0.342
10	 4	 3	219.785	0.338
10	 4	 4	218.935	0.355
10	 4	 5	217.907	0.332
10	 4	 6	216.996	0.340
10	 4	 7	215.863	0.344
10	 5	 0	222.951	0.396
10	 5	 1	221.883	0.394
10	 5	 2	220.926	0.374
10	 5	 3	219.817	0.377
10	 5	 4	218.948	0.368
10	 5	 5	217.901	0.341
10	 5	 6	216.952	0.326
10	 5	 7	215.870	0.373
10	 6	 0	222.988	0.424
10	 6	 1	221.883	0.416
10	 6	 2	220.905	0.412
10	 6	 3	219.842	0.373
10	 6	 4	218.970	0.398
10	 6	 5	217.897	0.395
10	 6	 6	217.016	0.366
10	 6	 7	215.883	0.427
10	 7	 0	223.063	0.441
10	 7	 1	221.920	0.443
10	 7	 2	220.961	0.453
10	 7	 3	219.892	0.410
10	 7	 4	218.981	0.408
10	 7	 5	217.916	0.421
10	 7	 6	217.002	0.449
10	 7	 7	215.896	0.430
11	 0	 0	226.579	0.333
11	 0	 1	225.451	0.301
11	 0	 2	224.455	0.325
11	 0	 3	223.346	0.322
11	 0	 4	222.425	0.313
11	 0	 5	221.320	0.334
11	 0	 6	220.334	0.334
11	 0	 7	219.268	0.329
11	 1	 0	226.559	0.278
11	 1	 1	225.440	0.295
11	 1	 2	224.458	0.312
11	 1	 3	223.453	0.269
11	 1	 4	222.412	0.297
11	 1	 5	221.337	0.298
11	 1	 6	220.294	0.303
11	 1	 7	219.245	0.300
11	 2	 0	226.565	0.302
11	 2	 1	225.461	0.295
11	 2	 2	224.432	0.302
11	 2	 3	223.346	0.308
11	 2	 4	222.410	0.293
11	 2	 5	221.305	0.283
11	 2	 6	220.325	0.307
11	 2	 7	219.208	0.260
11	 3	 0	226.608	0.273
11	 3	 1	225.453	0.304
11	 3	 2	224.460	0.304
11	 3	 3	223.359	0.288
11	 3	 4	222.445	0.311
11	 3	 5	221.311	0.296
11	 3	 6	220.313	0.316
11	 3	 7	219.235	0.279
11	 4	 0	226.583	0.305
11	 4	 1	225.438	0.319
11	 4	 2	224.471	0.318
11	 4	 3	223.323	0.316
11	 4	 4	222.480	0.345
11	 4	 5	221.310	0.322
11	 4	 6	220.282	0.309
11	 4	 7	219.267	0.315
11	 5	 0	226.605	0.366
11	 5	 1	225.476	0.350
11	 5	 2	224.603	0.356
11	 5	 3	223.381	0.344
11	 5	 4	222.452	0.343
11	 5	 5	221.355	0.348
11	 5	 6	220.332	0.358
11	 5	 7	219.247	0.318
11	 6	 0	226.628	0.366
11	 6	 1	225.551	0.379
11	 6	 2	224.587	0.367
11	 6	 3	223.383	0.373
11	 6	 4	222.442	0.376
11	 6	 5	221.384	0.377
11	 6	 6	220.370	0.357
11	 6	 7	219.280	0.347
11	 7	 0	226.638	0.395
11	 7	 1	225.531	0.371
11	 7	 2	224.512	0.380
11	 7	 3	223.440	0.385
11	 7	 4	222.464	0.383
11	 7	 5	221.415	0.394
11	 7	 6	220.396	0.367
11	 7	 7	219.312	0.374
12	 0	 0	222.902	0.359
12	 0	 1	221.797	0.301
12	 0	 2	220.806	0.329
12	 0	 3	219.655	0.309
12	 0	 4	218.739	0.318
12	 0	 5	217.709	0.300
12	 0	 6	216.730	0.319
12	 0	 7	215.561	0.310
12	 1	 0	222.877	0.331
12	 1	 1	221.777	0.293
12	 1	 2	220.820	0.299
12	 1	 3	219.675	0.275
12	 1	 4	218.766	0.289
12	 1	 5	217.715	0.278
12	 1	 6	216.716	0.278
12	 1	 7	215.559	0.288
12	 2	 0	222.947	0.269
12	 2	 1	221.815	0.264
12	 2	 2	220.802	0.303
12	 2	 3	219.705	0.257
12	 2	 4	218.785	0.258
12	 2	 5	217.694	0.262
12	 2	 6	216.730	0.254
12	 2	 7	215.586	0.279
12	 3	 0	222.950	0.270
12	 3	 1	221.832	0.270
12	 3	 2	220.791	0.288
12	 3	 3	219.718	0.309
12	 3	 4	218.785	0.296
12	 3	 5	217.691	0.269
12	 3	 6	216.727	0.274
12	 3	 7	215.597	0.294
12	 4	 0	222.966	0.319
12	 4	 1	221.791	0.307
12	 4	 2	220.841	0.293
12	 4	 3	219.718	0.314
12	 4	 4	218.852	0.321
12	 4	 5	217.747	0.243
12	 4	 6	216.726	0.307
12	 4	 7	215.613	0.289
12	 5	 0	223.003	0.336
12	 5	 1	221.831	0.323
12	 5	 2	220.855	0.340
12	 5	 3	219.721	0.319
12	 5	 4	218.842	0.318
12	 5	 5	217.747	0.310
12	 5	 6	216.771	0.320
12	 5	 7	215.666	0.328
12	 6	 0	222.995	0.376
12	 6	 1	221.885	0.343
12	 6	 2	220.863	0.337
12	 6	 3	219.802	0.326
12	 6	 4	218.849	0.338
12	 6	 5	217.789	0.339
12	 6	 6	216.819	0.363
12	 6	 7	215.724	0.370
12	 7	 0	223.002	0.349
12	 7	 1	221.910	0.376
12	 7	 2	220.910	0.394
12	 7	 3	219.830	0.372
12	 7	 4	218.880	0.335
12	 7	 5	217.825	0.393
12	 7	 6	216.831	0.378
12	 7	 7	215.691	0.373
13	 0	 0	211.924	0.344
13	 0	 1	210.890	0.348
13	 0	 2	209.859	0.350
13	 0	 3	208.831	0.323
13	 0	 4	207.944	0.388
13	 0	 5	206.853	0.367
13	 0	 6	205.823	0.320
13	 0	 7	204.781	0.311
13	 1	 0	212.005	0.309
13	 1	 1	210.858	0.324
13	 1	 2	209.878	0.305
13	 1	 3	208.796	0.342
13	 1	 4	207.925	0.320
13	 1	 5	206.818	0.340
13	 1	 6	205.778	0.310
13	 1	 7	204.751	0.306
13	 2	 0	211.939	0.306
13	 2	 1	210.843	0.295
13	 2	 2	209.846	0.309
13	 2	 3	208.805	0.304
13	 2	 4	207.930	0.339
13	 2	 5	206.851	0.310
13	 2	 6	205.834	0.324
13	 2	 7	204.766	0.305
13	 3	 0	212.003	0.337
13	 3	 1	210.883	0.322
13	 3	 2	209.856	0.367
13	 3	 3	208.810	0.353
13	 3	 4	207.933	0.340
13	 3	 5	206.795	0.336
13	 3	 6	205.815	0.338
13	 3	 7	204.761	0.346
13	 4	 0	211.983	0.367
13	 4	 1	210.875	0.356
13	 4	 2	209.851	0.381
13	 4	 3	208.782	0.396
13	 4	 4	207.958	0.399
13	 4	 5	206.813	0.344
13	 4	 6	205.857	0.384
13	 4	 7	204.755	0.364
13	 5	 0	211.994	0.376
13	 5	 1	210.878	0.413
13	 5	 2	209.936	0.404
13	 5	 3	208.853	0.398
13	 5	 4	207.949	0.371
13	 5	 5	206.868	0.410
13	 5	 6	205.872	0.402
13	 5	 7	204.784	0.404
13	 6	 0	212.029	0.452
13	 6	 1	210.891	0.435
13	 6	 2	209.955	0.464
13	 6	 3	208.838	0.403
13	 6	 4	207.952	0.430
13	 6	 5	206.892	0.410
13	 6	 6	205.897	0.440
13	 6	 7	204.816	0.420
13	 7	 0	212.001	0.461
13	 7	 1	210.869	0.444
13	 7	 2	209.975	0.457
13	 7	 3	208.901	0.498
13	 7	 4	207.976	0.476
13	 7	 5	206.873	0.455
13	 7	 6	205.922	0.496
13	 7	 7	204.866	0.476
14	 0	 0	227.202	0.310
14	 0	 1	226.045	0.365
14	 0	 2	225.105	0.326
14	 0	 3	223.991	0.339
14	 0	 4	223.101	0.350
14	 0	 5	221.986	0.325
14	 0	 6	220.991	0.334
14	 0	 7	219.885	0.322
14	 1	 0	227.192	0.329
14	 1	 1	226.023	0.279
14	 1	 2	225.079	0.321
14	 1	 3	223.955	0.308
14	 1	 4	223.047	0.315
14	 1	 5	221.981	0.298
14	 1	 6	221.015	0.328
14	 1	 7	219.910	0.330
14	 2	 0	227.212	0.333
14	 2	 1	226.075	0.300
14	 2	 2	225.104	0.339
14	 2	 3	223.969	0.312
14	 2	 4	223.089	0.330
14	 2	 5	221.979	0.358
14	 2	 6	220.994	0.310
14	 2	 7	219.889	0.263
14	 3	 0	227.202	0.343
14	 3	 1	226.066	0.351
14	 3	 2	225.109	0.330
14	 3	 3	223.965	0.359
14	 3	 4	223.092	0.329
14	 3	 5	221.996	0.348
14	 3	 6	220.999	0.348
14	 3	 7	219.873	0.318
14	 4	 0	227.150	0.360
14	 4	 1	226.066	0.373
14	 4	 2	225.094	0.384
14	 4	 3	223.970	0.403
14	 4	 4	223.046	0.384
14	 4	 5	221.999	0.398
14	 4	 6	221.008	0.383
14	 4	 7	219.854	0.372
14	 5	 0	227.224	0.422
14	 5	 1	226.114	0.429
14	 5	 2	225.143	0.409
14	 5	 3	223.961	0.407
14	 5	 4	223.096	0.426
14	 5	 5	221.950	0.426
14	 5	 6	221.026	0.414
14	 5	 7	219.890	0.418
14	 6	 0	227.222	0.438
14	 6	 1	226.123	0.497
14	 6	 2	225.162	0.483
14	 6	 3	224.007	0.480
14	 6	 4	223.126	0.472
14	 6	 5	222.024	0.469
14	 6	 6	221.018	0.451
14	 6	 7	219.911	0.430
14	 7	 0	227.213	0.494
14	 7	 1	226.145	0.467
14	 7	 2	225.135	0.543
14	 7	 3	224.011	0.501
14	 7	 4	223.137	0.526
14	 7	 5	221.995	0.499
14	 7	 6	221.059	0.496
14	 7	 7	219.954	0.509
15	 0	 0	216.966	0.371
15	 0	 1	215.920	0.375
15	 0	 2	215.012	0.307
15	 0	 3	213.872	0.285
15	 0	 4	212.872	0.347
15	 0	 5	211.800	0.354
15	 0	 6	210.805	0.334
15	 0	 7	209.583	0.358
15	 1	 0	216.913	0.296
15	 1	 1	215.877	0.351
15	 1	 2	214.999	0.327
15	 1	 3	213.782	0.311
15	 1	 4	212.889	0.244
15	 1	 5	211.745	0.303
15	 1	 6	210.708	0.376
15	 1	 7	209.596	0.307
15	 2	 0	217.047	0.286
15	 2	 1	215.923	0.348
15	 2	 2	214.861	0.326
15	 2	 3	213.814	0.316
15	 2	 4	212.906	0.359
15	 2	 5	211.756	0.319
15	 2	 6	210.759	0.366
15	 2	 7	209.611	0.330
15	 3	 0	217.082	0.367
15	 3	 1	215.966	0.369
15	 3	 2	214.805	0.362
15	 3	 3	213.877	0.341
15	 3	 4	212.928	0.350
15	 3	 5	211.787	0.379
15	 3	 6	210.738	0.352
15	 3	 7	209.547	0.352
15	 4	 0	217.095	0.384
15	 4	 1	216.001	0.407
15	 4	 2	214.971	0.401
15	 4	 3	213.871	0.371
15	 4	 4	212.789	0.402
15	 4	 5	211.785	0.378
15	 4	 6	210.650	0.384
15	 4	 7	209.598	0.380
15	 5	 0	217.095	0.437
15	 5	 1	216.030	0.417
15	 5	 2	214.943	0.467
15	 5	 3	213.907	0.452
15	 5	 4	212.893	0.437
15	 5	 5	211.720	0.466
15	 5	 6	210.693	0.443
15	 5	 7	209.621	0.497
15	 6	 0	217.057	0.503
15	 6	 1	216.044	0.491
15	 6	 2	214.860	0.470
15	 6	 3	213.910	0.452
15	 6	 4	212.958	0.431
15	 6	 5	211.796	0.524
15	 6	 6	210.793	0.507
15	 6	 7	209.714	0.476
15	 7	 0	217.059	0.497
15	 7	 1	216.052	0.504
15	 7	 2	215.036	0.508
15	 7	 3	213.881	0.496
15	 7	 4	213.024	0.517
15	 7	 5	211.751	0.571
15	 7	 6	210.765	0.488
15	 7	 7	209.729	0.495
16	 0	 0	220.264	0.335
16	 0	 1	219.250	0.337
16	 0	 2	218.239	0.322
16	 0	 3	217.200	0.319
16	 0	 4	216.274	0.353
16	 0	 5	215.136	0.335
16	 0	 6	214.158	0.350
16	 0	 7	213.042	0.352
16	 1	 0	220.283	0.322
16	 1	 1	219.234	0.329
16	 1	 2	218.267	0.292
16	 1	 3	217.175	0.312
16	 1	 4	216.284	0.308
16	 1	 5	215.180	0.309
16	 1	 6	214.115	0.288
16	 1	 7	213.062	0.311
16	 2	 0	220.280	0.319
16	 2	 1	219.195	0.320
16	 2	 2	218.293	0.322
16	 2	 3	217.153	0.294
16	 2	 4	216.272	0.318
16	 2	 5	215.134	0.303
16	 2	 6	214.123	0.330
16	 2	 7	213.064	0.304
16	 3	 0	220.283	0.303
16	 3	 1	219.163	0.292
16	 3	 2	218.265	0.305
16	 3	 3	217.152	0.276
16	 3	 4	216.283	0.303
16	 3	 5	215.142	0.300
16	 3	 6	214.158	0.317
16	 3	 7	213.138	0.282
16	 4	 0	220.271	0.314
16	 4	 1	219.191	0.305
16	 4	 2	218.229	0.291
16	 4	 3	217.181	0.298
16	 4	 4	216.258	0.302
16	 4	 5	215.221	0.323
16	 4	 6	214.151	0.295
16	 4	 7	213.110	0.291
16	 5	 0	220.271	0.323
16	 5	 1	219.191	0.295
16	 5	 2	218.256	0.289
16	 5	 3	217.214	0.286
16	 5	 4	216.316	0.311
16	 5	 5	215.108	0.251
16	 5	 6	214.155	0.276
16	 5	 7	213.087	0.269
16	 6	 0	220.287	0.307
16	 6	 1	219.157	0.294
16	 6	 2	218.291	0.275
16	 6	 3	217.176	0.287
16	 6	 4	216.287	0.316
16	 6	 5	215.126	0.318
16	 6	 6	214.185	0.325
16	 6	 7	213.158	0.306
16	 7	 0	220.298	0.335
16	 7	 1	219.208	0.341
16	 7	 2	218.238	0.278
16	 7	 3	217.233	0.312
16	 7	 4	216.275	0.326
16	 7	 5	215.175	0.321
16	 7	 6	214.174	0.336
16	 7	 7	213.145	0.279
17	 0	 0	230.708	0.337
17	 0	 1	229.626	0.311
17	 0	 2	228.550	0.326
17	 0	 3	227.456	0.317
17	 0	 4	226.619	0.334
17	 0	 5	225.561	0.301
17	 0	 6	224.555	0.321
17	 0	 7	223.487	0.306
17	 1	 0	230.632	0.276
17	 1	 1	229.655	0.272
17	 1	 2	228.527	0.303
17	 1	 3	227.565	0.301
17	 1	 4	226.638	0.308
17	 1	 5	225.602	0.293
17	 1	 6	224.585	0.308
17	 1	 7	223.539	0.295
17	 2	 0	230.654	0.308
17	 2	 1	229.527	0.267
17	 2	 2	228.485	0.272
17	 2	 3	227.587	0.291
17	 2	 4	226.583	0.284
17	 2	 5	225.564	0.288
17	 2	 6	224.544	0.294
17	 2	 7	223.495	0.290
17	 3	 0	230.628	0.296
17	 3	 1	229.606	0.272
17	 3	 2	228.502	0.299
17	 3	 3	227.580	0.296
17	 3	 4	226.632	0.272
17	 3	 5	225.540	0.307
17	 3	 6	224.549	0.294
17	 3	 7	223.480	0.283
17	 4	 0	230.618	0.318
17	 4	 1	229.580	0.291
17	 4	 2	228.569	0.312
17	 4	 3	227.556	0.293
17	 4	 4	226.596	0.296
17	 4	 5	225.531	0.301
17	 4	 6	224.534	0.290
17	 4	 7	223.522	0.290
17	 5	 0	230.662	0.338
17	 5	 1	229.605	0.282
17	 5	 2	228.523	0.300
17	 5	 3	227.582	0.292
17	 5	 4	226.621	0.320
17	 5	 5	225.549	0.313
17	 5	 6	224.551	0.295
17	 5	 7	223.478	0.296
17	 6	 0	230.692	0.311
17	 6	 1	229.472	0.302
17	 6	 2	228.493	0.314
17	 6	 3	227.562	0.321
17	 6	 4	226.619	0.310
17	 6	 5	225.526	0.305
17	 6	 6	224.545	0.313
17	 6	 7	223.466	0.297
17	 7	 0	230.688	0.309
17	 7	 1	229.497	0.302
17	 7	 2	228.535	0.325
17	 7	 3	227.597	0.334
17	 7	 4	226.613	0.307
17	 7	 5	225.554	0.321
17	 7	 6	224.543	0.314
17	 7	 7	223.474	0.298
18	 0	 0	211.660	0.367
18	 0	 1	210.624	0.377
18	 0	 2	209.589	0.371
18	 0	 3	208.565	0.369
18	 0	 4	207.616	0.354
18	 0	 5	206.582	0.352
18	 0	 6	205.564	0.363
18	 0	 7	204.585	0.362
18	 1	 0	211.648	0.331
18	 1	 1	210.655	0.331
18	 1	 2	209.559	0.332
18	 1	 3	208.489	0.341
18	 1	 4	207.589	0.338
18	 1	 5	206.553	0.338
18	 1	 6	205.560	0.340
18	 1	 7	204.660	0.293
18	 2	 0	211.686	0.312
18	 2	 1	210.559	0.323
18	 2	 2	209.538	0.344
18	 2	 3	208.520	0.309
18	 2	 4	207.647	0.321
18	 2	 5	206.591	0.326
18	 2	 6	205.568	0.333
18	 2	 7	204.580	0.311
18	 3	 0	211.605	0.324
18	 3	 1	210.600	0.329
18	 3	 2	209.545	0.301
18	 3	 3	208.533	0.334
18	 3	 4	207.611	0.312
18	 3	 5	206.492	0.335
18	 3	 6	205.584	0.318
18	 3	 7	204.503	0.322
18	 4	 0	211.655	0.319
18	 4	 1	210.546	0.326
18	 4	 2	209.542	0.314
18	 4	 3	208.483	0.324
18	 4	 4	207.603	0.318
18	 4	 5	206.529	0.327
18	 4	 6	205.587	0.324
18	 4	 7	204.505	0.299
18	 5	 0	211.626	0.345
18	 5	 1	210.530	0.330
18	 5	 2	209.564	0.316
18	 5	 3	208.480	0.322
18	 5	 4	207.580	0.350
18	 5	 5	206.547	0.323
18	 5	 6	205.629	0.327
18	 5	 7	204.518	0.328
18	 6	 0	211.637	0.341
18	 6	 1	210.610	0.322
18	 6	 2	209.532	0.342
18	 6	 3	208.520	0.343
18	 6	 4	207.596	0.319
18	 6	 5	206.579	0.339
18	 6	 6	205.575	0.354
18	 6	 7	204.487	0.315
18	 7	 0	211.642	0.347
18	 7	 1	210.532	0.351
18	 7	 2	209.549	0.338
18	 7	 3	208.541	0.341
18	 7	 4	207.570	0.349
18	 7	 5	206.541	0.346
18	 7	 6	205.578	0.335
18	 7	 7	204.518	0.365
19	 0	 0	232.861	0.313
19	 0	 1	231.785	0.332
19	 0	 2	230.852	0.322
19	 0	 3	229.814	0.296
19	 0	 4	228.835	0.332
19	 0	 5	227.797	0.317
19	 0	 6	226.878	0.349
19	 0	 7	225.826	0.336
19	 1	 0	232.830	0.313
19	 1	 1	231.721	0.324
19	 1	 2	230.807	0.294
19	 1	 3	229.810	0.323
19	 1	 4	228.868	0.337
19	 1	 5	227.788	0.314
19	 1	 6	226.837	0.333
19	 1	 7	225.817	0.317
19	 2	 0	232.855	0.311
19	 2	 1	231.772	0.332
19	 2	 2	230.841	0.306
19	 2	 3	229.792	0.315
19	 2	 4	228.869	0.328
19	 2	 5	227.787	0.327
19	 2	 6	226.877	0.241
19	 2	 7	225.822	0.310
19	 3	 0	232.906	0.315
19	 3	 1	231.769	0.307
19	 3	 2	230.852	0.322
19	 3	 3	229.826	0.312
19	 3	 4	228.879	0.331
19	 3	 5	227.764	0.304
19	 3	 6	226.832	0.303
19	 3	 7	225.861	0.280
19	 4	 0	232.777	0.339
19	 4	 1	231.809	0.342
19	 4	 2	230.856	0.297
19	 4	 3	229.772	0.327
19	 4	 4	228.854	0.322
19	 4	 5	227.803	0.327
19	 4	 6	226.851	0.353
19	 4	 7	225.803	0.327
19	 5	 0	232.813	0.338
19	 5	 1	231.817	0.318
19	 5	 2	230.884	0.287
19	 5	 3	229.825	0.336
19	 5	 4	228.847	0.338
19	 5	 5	227.766	0.329
19	 5	 6	226.875	0.318
19	 5	 7	225.821	0.319
19	 6	 0	232.809	0.342
19	 6	 1	231.778	0.335
19	 6	 2	230.890	0.345
19	 6	 3	229.832	0.323
19	 6	 4	228.867	0.327
19	 6	 5	227.761	0.342
19	 6	 6	226.908	0.350
19	 6	 7	225.804	0.370
19	 7	 0	232.865	0.326
19	 7	 1	231.826	0.329
19	 7	 2	230.844	0.357
19	 7	 3	229.803	0.345
19	 7	 4	228.883	0.358
19	 7	 5	227.763	0.368
19	 7	 6	226.901	0.386
19	 7	 7	225.833	0.369
20	 0	 0	219.196	0.407
20	 0	 1	218.235	0.413
20	 0	 2	217.309	0.390
20	 0	 3	216.172	0.381
20	 0	 4	215.333	0.391
20	 0	 5	214.278	0.415
20	 0	 6	213.331	0.387
20	 0	 7	212.271	0.417
20	 1	 0	219.207	0.374
20	 1	 1	218.203	0.358
20	 1	 2	217.276	0.349
20	 1	 3	216.176	0.360
20	 1	 4	215.339	0.380
20	 1	 5	214.270	0.369
20	 1	 6	213.349	0.357
20	 1	 7	212.244	0.360
20	 2	 0	219.151	0.359
20	 2	 1	218.176	0.311
20	 2	 2	217.244	0.344
20	 2	 3	216.189	0.330
20	 2	 4	215.330	0.333
20	 2	 5	214.255	0.355
20	 2	 6	213.323	0.342
20	 2	 7	212.274	0.330
20	 3	 0	219.197	0.312
20	 3	 1	218.202	0.337
20	 3	 2	217.220	0.335
20	 3	 3	216.165	0.340
20	 3	 4	215.349	0.362
20	 3	 5	214.233	0.340
20	 3	 6	213.326	0.335
20	 3	 7	212.237	0.333
20	 4	 0	219.242	0.326
20	 4	 1	218.172	0.330
20	 4	 2	217.252	0.321
20	 4	 3	216.162	0.341
20	 4	 4	215.356	0.348
20	 4	 5	214.284	0.334
20	 4	 6	213.330	0.333
20	 4	 7	212.224	0.344
20	 5	 0	219.195	0.340
20	 5	 1	218.200	0.332
20	 5	 2	217.273	0.327
20	 5	 3	216.192	0.314
20	 5	 4	215.337	0.358
20	 5	 5	214.275	0.350
20	 5	 6	213.298	0.306
20	 5	 7	212.266	0.338
20	 6	 0	219.206	0.375
20	 6	 1	218.203	0.343
20	 6	 2	217.234	0.329
20	 6	 3	216.182	0.333
20	 6	 4	215.350	0.335
20	 6	 5	214.266	0.334
20	 6	 6	213.319	0.341
20	 6	 7	212.251	0.349
20	 7	 0	219.219	0.330
20	 7	 1	218.176	0.380
20	 7	 2	217.246	0.355
20	 7	 3	216.180	0.347
20	 7	 4	215.379	0.350
20	 7	 5	214.310	0.364
20	 7	 6	213.352	0.325
20	 7	 7	212.275	0.353
21	 0	 0	221.484	0.430
21	 0	 1	220.521	0.397
21	 0	 2	219.637	0.396
21	 0	 3	218.561	0.377
21	 0	 4	217.731	0.370
21	 0	 5	216.718	0.376
21	 0	 6	215.733	0.416
21	 0	 7	214.683	0.408
21	 1	 0	221.587	0.361
21	 1	 1	220.540	0.360
21	 1	 2	219.574	0.357
21	 1	 3	218.632	0.333
21	 1	 4	217.774	0.352
21	 1	 5	216.694	0.378
21	 1	 6	215.739	0.360
21	 1	 7	214.706	0.337
21	 2	 0	221.572	0.356
21	 2	 1	220.532	0.331
21	 2	 2	219.584	0.351
21	 2	 3	218.568	0.328
21	 2	 4	217.714	0.341
21	 2	 5	216.686	0.327
21	 2	 6	215.794	0.347
21	 2	 7	214.717	0.349
21	 3	 0	221.586	0.371
21	 3	 1	220.513	0.339
21	 3	 2	219.609	0.324
21	 3	 3	218.576	0.340
21	 3	 4	217.778	0.345
21	 3	 5	216.721	0.340
21	 3	 6	215.744	0.330
21	 3	 7	214.738	0.332
21	 4	 0	221.542	0.326
21	 4	 1	220.506	0.346
21	 4	 2	219.574	0.319
21	 4	 3	218.591	0.333
21	 4	 4	217.729	0.314
21	 4	 5	216.717	0.322
21	 4	 6	215.762	0.343
21	 4	 7	214.711	0.353
21	 5	 0	221.533	0.358
21	 5	 1	220.586	0.333
21	 5	 2	219.603	0.323
21	 5	 3	218.586	0.321
21	 5	 4	217.781	0.324
21	 5	 5	216.694	0.366
21	 5	 6	215.748	0.332
21	 5	 7	214.711	0.350
21	 6	 0	221.565	0.344
21	 6	 1	220.564	0.322
21	 6	 2	219.623	0.326
21	 6	 3	218.559	0.348
21	 6	 4	217.757	0.353
21	 6	 5	216.708	0.361
21	 6	 6	215.751	0.383
21	 6	 7	214.697	0.332
21	 7	 0	221.564	0.351
21	 7	 1	220.561	0.349
21	 7	 2	219.605	0.346
21	 7	 3	218.618	0.348
21	 7	 4	217.710	0.327
21	 7	 5	216.712	0.357
21	 7	 6	215.700	0.351
21	 7	 7	214.713	0.364
22	 0	 0	219.490	0.410
22	 0	 1	218.409	0.396
22	 0	 2	217.495	0.361
22	 0	 3	216.464	0.403
22	 0	 4	215.486	0.381
22	 0	 5	214.346	0.416
22	 0	 6	213.436	0.386
22	 0	 7	212.428	0.411
22	 1	 0	219.520	0.347
22	 1	 1	218.451	0.344
22	 1	 2	217.436	0.351
22	 1	 3	216.473	0.351
22	 1	 4	215.478	0.347
22	 1	 5	214.311	0.375
22	 1	 6	213.472	0.362
22	 1	 7	212.417	0.361
22	 2	 0	219.501	0.345
22	 2	 1	218.473	0.332
22	 2	 2	217.455	0.347
22	 2	 3	216.430	0.328
22	 2	 4	215.483	0.349
22	 2	 5	214.393	0.352
22	 2	 6	213.445	0.326
22	 2	 7	212.467	0.341
22	 3	 0	219.486	0.329
22	 3	 1	218.426	0.324
22	 3	 2	217.506	0.313
22	 3	 3	216.384	0.357
22	 3	 4	215.511	0.338
22	 3	 5	214.351	0.328
22	 3	 6	213.413	0.335
22	 3	 7	212.434	0.348
22	 4	 0	219.451	0.324
22	 4	 1	218.393	0.310
22	 4	 2	217.483	0.311
22	 4	 3	216.453	0.338
22	 4	 4	215.471	0.350
22	 4	 5	214.439	0.343
22	 4	 6	213.425	0.322
22	 4	 7	212.379	0.369
22	 5	 0	219.548	0.329
22	 5	 1	218.441	0.313
22	 5	 2	217.509	0.326
22	 5	 3	216.459	0.319
22	 5	 4	215.407	0.315
22	 5	 5	214.381	0.319
22	 5	 6	213.445	0.302
22	 5	 7	212.392	0.323
22	 6	 0	219.517	0.359
22	 6	 1	218.451	0.320
22	 6	 2	217.539	0.316
22	 6	 3	216.440	0.326
22	 6	 4	215.478	0.308
22	 6	 5	214.432	0.351
22	 6	 6	213.471	0.316
22	 6	 7	212.408	0.324
22	 7	 0	219.474	0.326
22	 7	 1	218.418	0.323
22	 7	 2	217.507	0.326
22	 7	 3	216.477	0.335
22	 7	 4	215.470	0.344
22	 7	 5	214.444	0.357
22	 7	 6	213.465	0.312
22	 7	 7	212.419	0.351
23	 0	 0	226.170	0.474
23	 0	 1	225.160	0.458
23	 0	 2	224.189	0.477
23	 0	 3	223.104	0.471
23	 0	 4	222.217	0.472
23	 0	 5	221.172	0.482
23	 0	 6	220.191	0.473
23	 0	 7	219.183	0.455
23	 1	 0	226.129	0.370
23	 1	 1	225.141	0.412
23	 1	 2	224.173	0.406
23	 1	 3	223.091	0.392
23	 1	 4	222.208	0.397
23	 1	 5	221.155	0.369
23	 1	 6	220.195	0.403
23	 1	 7	219.181	0.394
23	 2	 0	226.192	0.393
23	 2	 1	225.084	0.371
23	 2	 2	224.168	0.378
23	 2	 3	223.064	0.349
23	 2	 4	222.168	0.363
23	 2	 5	221.155	0.357
23	 2	 6	220.163	0.354
23	 2	 7	219.156	0.357
23	 3	 0	226.178	0.374
23	 3	 1	225.166	0.347
23	 3	 2	224.128	0.318
23	 3	 3	223.078	0.360
23	 3	 4	222.205	0.323
23	 3	 5	221.146	0.361
23	 3	 6	220.220	0.341
23	 3	 7	219.164	0.347
23	 4	 0	226.171	0.322
23	 4	 1	225.099	0.292
23	 4	 2	224.183	0.345
23	 4	 3	223.096	0.358
23	 4	 4	222.189	0.364
23	 4	 5	221.176	0.328
23	 4	 6	220.211	0.334
23	 4	 7	219.195	0.334
23	 5	 0	226.185	0.317
23	 5	 1	225.111	0.309
23	 5	 2	224.163	0.341
23	 5	 3	223.120	0.320
23	 5	 4	222.181	0.266
23	 5	 5	221.169	0.338
23	 5	 6	220.186	0.338
23	 5	 7	219.185	0.325
23	 6	 0	226.172	0.321
23	 6	 1	225.126	0.321
23	 6	 2	224.189	0.323
23	 6	 3	223.135	0.326
23	 6	 4	222.221	0.340
23	 6	 5	221.157	0.318
23	 6	 6	220.190	0.330
23	 6	 7	219.215	0.319
23	 7	 0	226.195	0.334
23	 7	 1	225.162	0.325
23	 7	 2	224.175	0.343
23	 7	 3	223.145	0.340
23	 7	 4	222.238	0.355
23	 7	 5	221.197	0.339
23	 7	 6	220.237	0.323
23	 7	 7	219.206	0.352
24	 0	 0	224.586	0.451
24	 0	 1	223.551	0.444
24	 0	 2	222.581	0.445
24	 0	 3	221.555	0.416
24	 0	 4	220.628	0.443
24	 0	 5	219.637	0.423
24	 0	 6	218.616	0.434
24	 0	 7	217.689	0.429
24	 1	 0	224.564	0.395
24	 1	 1	223.535	0.386
24	 1	 2	222.558	0.384
24	 1	 3	221.536	0.389
24	 1	 4	220.644	0.403
24	 1	 5	219.627	0.356
24	 1	 6	218.642	0.367
24	 1	 7	217.638	0.364
24	 2	 0	224.572	0.352
24	 2	 1	223.590	0.357
24	 2	 2	222.533	0.356
24	 2	 3	221.550	0.357
24	 2	 4	220.658	0.344
24	 2	 5	219.651	0.357
24	 2	 6	218.684	0.340
24	 2	 7	217.646	0.367
24	 3	 0	224.588	0.355
24	 3	 1	223.561	0.347
24	 3	 2	222.574	0.357
24	 3	 3	221.546	0.332
24	 3	 4	220.666	0.321
24	 3	 5	219.619	0.329
24	 3	 6	218.711	0.342
24	 3	 7	217.690	0.322
24	 4	 0	224.601	0.361
24	 4	 1	223.608	0.333
24	 4	 2	222.536	0.341
24	 4	 3	221.552	0.323
24	 4	 4	220.637	0.352
24	 4	 5	219.586	0.326
24	 4	 6	218.655	0.322
24	 4	 7	217.696	0.335
24	 5	 0	224.570	0.332
24	 5	 1	223.595	0.340
24	 5	 2	222.553	0.346
24	 5	 3	221.573	0.336
24	 5	 4	220.634	0.334
24	 5	 5	219.664	0.310
24	 5	 6	218.622	0.317
24	 5	 7	217.690	0.318
24	 6	 0	224.603	0.331
24	 6	 1	223.600	0.319
24	 6	 2	222.534	0.347
24	 6	 3	221.673	0.337
24	 6	 4	220.646	0.324
24	 6	 5	219.638	0.339
24	 6	 6	218.657	0.313
24	 6	 7	217.731	0.309
24	 7	 0	224.568	0.335
24	 7	 1	223.623	0.334
24	 7	 2	222.614	0.337
24	 7	 3	221.593	0.339
24	 7	 4	220.679	0.337
24	 7	 5	219.677	0.326
24	 7	 6	218.651	0.323
24	 7	 7	217.734	0.316
25	 0	 0	212.784	0.408
25	 0	 1	211.752	0.427
25	 0	 2	210.687	0.449
25	 0	 3	209.623	0.452
25	 0	 4	208.690	0.420
25	 0	 5	207.691	0.432
25	 0	 6	206.667	0.424
25	 0	 7	205.541	0.428
25	 1	 0	212.795	0.403
25	 1	 1	211.766	0.357
25	 1	 2	210.688	0.372
25	 1	 3	209.616	0.377
25	 1	 4	208.746	0.381
25	 1	 5	207.662	0.373
25	 1	 6	206.633	0.385
25	 1	 7	205.522	0.390
25	 2	 0	212.829	0.367
25	 2	 1	211.766	0.365
25	 2	 2	210.691	0.352
25	 2	 3	209.588	0.345
25	 2	 4	208.742	0.361
25	 2	 5	207.677	0.351
25	 2	 6	206.594	0.355
25	 2	 7	205.530	0.337
25	 3	 0	212.789	0.364
25	 3	 1	211.776	0.348
25	 3	 2	210.704	0.362
25	 3	 3	209.623	0.376
25	 3	 4	208.713	0.336
25	 3	 5	207.674	0.335
25	 3	 6	206.600	0.345
25	 3	 7	205.538	0.337
25	 4	 0	212.802	0.360
25	 4	 1	211.735	0.362
25	 4	 2	210.688	0.380
25	 4	 3	209.628	0.363
25	 4	 4	208.742	0.314
25	 4	 5	207.643	0.350
25	 4	 6	206.611	0.330
25	 4	 7	205.505	0.330
25	 5	 0	212.786	0.353
25	 5	 1	211.708	0.351
25	 5	 2	210.710	0.335
25	 5	 3	209.599	0.358
25	 5	 4	208.737	0.317
25	 5	 5	207.668	0.328
25	 5	 6	206.617	0.343
25	 5	 7	205.527	0.351
25	 6	 0	212.784	0.326
25	 6	 1	211.719	0.335
25	 6	 2	210.739	0.332
25	 6	 3	209.611	0.325
25	 6	 4	208.748	0.353
25	 6	 5	207.623	0.346
25	 6	 6	206.627	0.346
25	 6	 7	205.531	0.345
25	 7	 0	212.778	0.367
25	 7	 1	211.729	0.348
25	 7	 2	210.662	0.363
25	 7	 3	209.634	0.357
25	 7	 4	208.748	0.340
25	 7	 5	207.621	0.366
25	 7	 6	206.639	0.337
25	 7	 7	205.493	0.349
26	 0	 0	221.957	0.386
26	 0	 1	220.861	0.377
26	 0	 2	219.906	0.383
26	 0	 3	218.879	0.361
26	 0	 4	217.979	0.368
26	 0	 5	216.930	0.389
26	 0	 6	215.878	0.367
26	 0	 7	214.839	0.392
26	 1	 0	221.921	0.307
26	 1	 1	220.957	0.334
26	 1	 2	219.893	0.312
26	 1	 3	218.886	0.324
26	 1	 4	217.983	0.270
26	 1	 5	216.963	0.335
26	 1	 6	215.892	0.312
26	 1	 7	214.821	0.310
26	 2	 0	221.960	0.352
26	 2	 1	220.871	0.303
26	 2	 2	219.941	0.312
26	 2	 3	218.891	0.310
26	 2	 4	217.984	0.270
26	 2	 5	216.957	0.334
26	 2	 6	215.918	0.319
26	 2	 7	214.880	0.321
26	 3	 0	221.989	0.270
26	 3	 1	220.955	0.308
26	 3	 2	219.850	0.330
26	 3	 3	218.884	0.333
26	 3	 4	218.005	0.271
26	 3	 5	216.923	0.265
26	 3	 6	215.903	0.330
26	 3	 7	214.822	0.334
26	 4	 0	221.997	0.271
26	 4	 1	220.921	0.300
26	 4	 2	219.854	0.279
26	 4	 3	218.841	0.306
26	 4	 4	217.977	0.269
26	 4	 5	216.926	0.320
26	 4	 6	215.907	0.255
26	 4	 7	214.890	0.253
26	 5	 0	222.016	0.325
26	 5	 1	220.937	0.323
26	 5	 2	219.882	0.307
26	 5	 3	218.799	0.263
26	 5	 4	218.023	0.313
26	 5	 5	216.929	0.321
26	 5	 6	215.949	0.279
26	 5	 7	214.858	0.313
26	 6	 0	221.995	0.347
26	 6	 1	220.916	0.299
26	 6	 2	219.895	0.264
26	 6	 3	218.833	0.303
26	 6	 4	217.991	0.326
26	 6	 5	216.966	0.308
26	 6	 6	215.906	0.296
26	 6	 7	214.888	0.288
26	 7	 0	222.029	0.349
26	 7	 1	220.905	0.331
26	 7	 2	219.960	0.327
26	 7	 3	218.891	0.292
26	 7	 4	217.982	0.270
26	 7	 5	216.912	0.331
26	 7	 6	215.945	0.278
26	 7	 7	214.843	0.293
27	 0	 0	209.706	0.363
27	 0	 1	208.639	0.372
27	 0	 2	207.698	0.362
27	 0	 3	206.612	0.383
27	 0	 4	205.748	0.382
27	 0	 5	204.663	0.363
27	 0	 6	203.740	0.391
27	 0	 7	202.680	0.321
27	 1	 0	209.688	0.328
27	 1	 1	208.652	0.355
27	 1	 2	207.677	0.323
27	 1	 3	206.581	0.334
27	 1	 4	205.736	0.339
27	 1	 5	204.682	0.318
27	 1	 6	203.698	0.310
27	 1	 7	202.666	0.314
27	 2	 0	209.685	0.308
27	 2	 1	208.614	0.327
27	 2	 2	207.668	0.308
27	 2	 3	206.622	0.315
27	 2	 4	205.767	0.305
27	 2	 5	204.649	0.309
27	 2	 6	203.745	0.281
27	 2	 7	202.663	0.275
27	 3	 0	209.701	0.319
27	 3	 1	208.642	0.303
27	 3	 2	207.713	0.302
27	 3	 3	206.618	0.301
27	 3	 4	205.724	0.288
27	 3	 5	204.639	0.302
27	 3	 6	203.759	0.302
27	 3	 7	202.675	0.290
27	 4	 0	209.721	0.319
27	 4	 1	208.653	0.312
27	 4	 2	207.656	0.291
27	 4	 3	206.611	0.291
27	 4	 4	205.704	0.292
27	 4	 5	204.655	0.309
27	 4	 6	203.743	0.259
27	 4	 7	202.690	0.281
27	 5	 0	209.716	0.326
27	 5	 1	208.620	0.308
27	 5	 2	207.662	0.285
27	 5	 3	206.598	0.313
27	 5	 4	205.739	0.287
27	 5	 5	204.645	0.282
27	 5	 6	203.751	0.262
27	 5	 7	202.713	0.290
27	 6	 0	209.680	0.301
27	 6	 1	208.619	0.301
27	 6	 2	207.697	0.304
27	 6	 3	206.556	0.316
27	 6	 4	205.719	0.314
27	 6	 5	204.730	0.266
27	 6	 6	203.734	0.285
27	 6	 7	202.681	0.298
27	 7	 0	209.734	0.299
27	 7	 1	208.650	0.307
27	 7	 2	207.684	0.323
27	 7	 3	206.590	0.314
27	 7	 4	205.770	0.250
27	 7	 5	204.648	0.295
27	 7	 6	203.730	0.291
27	 7	 7	202.704	0.292
28	 0	 0	227.249	0.346
28	 0	 1	226.157	0.307
28	 0	 2	225.228	0.337
28	 0	 3	224.148	0.331
28	 0	 4	223.256	0.351
28	 0	 5	222.221	0.323
28	 0	 6	221.243	0.326
28	 0	 7	220.181	0.318
28	 1	 0	227.272	0.290
28	 1	 1	226.175	0.300
28	 1	 2	225.202	0.325
28	 1	 3	224.134	0.315
28	 1	 4	223.285	0.260
28	 1	 5	222.132	0.281
28	 1	 6	221.194	0.294
28	 1	 7	220.121	0.289
28	 2	 0	227.229	0.291
28	 2	 1	226.191	0.305
28	 2	 2	225.275	0.312
28	 2	 3	224.097	0.249
28	 2	 4	223.272	0.253
28	 2	 5	222.158	0.295
28	 2	 6	221.245	0.313
28	 2	 7	220.164	0.291
28	 3	 0	227.270	0.323
28	 3	 1	226.195	0.263
28	 3	 2	225.180	0.267
28	 3	 3	224.127	0.339
28	 3	 4	223.269	0.284
28	 3	 5	222.175	0.311
28	 3	 6	221.287	0.311
28	 3	 7	220.181	0.268
28	 4	 0	227.282	0.292
28	 4	 1	226.269	0.298
28	 4	 2	225.236	0.278
28	 4	 3	224.171	0.231
28	 4	 4	223.248	0.261
28	 4	 5	222.166	0.271
28	 4	 6	221.275	0.289
28	 4	 7	220.147	0.253
28	 5	 0	227.312	0.280
28	 5	 1	226.169	0.303
28	 5	 2	225.259	0.270
28	 5	 3	224.119	0.244
28	 5	 4	223.287	0.284
28	 5	 5	222.203	0.277
28	 5	 6	221.231	0.290
28	 5	 7	220.118	0.288
28	 6	 0	227.298	0.311
28	 6	 1	226.184	0.297
28	 6	 2	225.219	0.295
28	 6	 3	224.192	0.314
28	 6	 4	223.303	0.295
28	 6	 5	222.182	0.284
28	 6	 6	221.243	0.286
28	 6	 7	220.142	0.281
28	 7	 0	227.284	0.313
28	 7	 1	226.250	0.283
28	 7	 2	225.257	0.314
28	 7	 3	224.170	0.322
28	 7	 4	223.301	0.278
28	 7	 5	222.196	0.280
28	 7	 6	221.333	0.296
28	 7	 7	220.172	0.321
29	 0	 0	221.584	0.332
29	 0	 1	220.510	0.310
29	 0	 2	219.557	0.305
29	 0	 3	218.504	0.319
29	 0	 4	217.584	0.298
29	 0	 5	216.530	0.326
29	 0	 6	215.587	0.322
29	 0	 7	214.482	0.315
29	 1	 0	221.602	0.312
29	 1	 1	220.485	0.298
29	 1	 2	219.582	0.275
29	 1	 3	218.489	0.276
29	 1	 4	217.623	0.263
29	 1	 5	216.534	0.280
29	 1	 6	215.569	0.285
29	 1	 7	214.486	0.297
29	 2	 0	221.609	0.262
29	 2	 1	220.537	0.259
29	 2	 2	219.556	0.286
29	 2	 3	218.511	0.278
29	 2	 4	217.578	0.270
29	 2	 5	216.586	0.276
29	 2	 6	215.557	0.274
29	 2	 7	214.473	0.274
29	 3	 0	221.603	0.284
29	 3	 1	220.534	0.268
29	 3	 2	219.550	0.270
29	 3	 3	218.515	0.258
29	 3	 4	217.612	0.267
29	 3	 5	216.540	0.257
29	 3	 6	215.545	0.283
29	 3	 7	214.508	0.270
29	 4	 0	221.630	0.266
29	 4	 1	220.520	0.274
29	 4	 2	219.574	0.254
29	 4	 3	218.547	0.264
29	 4	 4	217.628	0.266
29	 4	 5	216.566	0.281
29	 4	 6	215.559	0.278
29	 4	 7	214.474	0.280
29	 5	 0	221.599	0.273
29	 5	 1	220.507	0.278
29	 5	 2	219.550	0.275
29	 5	 3	218.498	0.269
29	 5	 4	217.633	0.263
29	 5	 5	216.551	0.268
29	 5	 6	215.576	0.277
29	 5	 7	214.519	0.278
29	 6	 0	221.626	0.285
29	 6	 1	220.521	0.256
29	 6	 2	219.585	0.259
29	 6	 3	218.531	0.280
29	 6	 4	217.602	0.290
29	 6	 5	216.533	0.267
29	 6	 6	215.585	0.288
29	 6	 7	214.503	0.295
29	 7	 0	221.648	0.264
29	 7	 1	220.534	0.286
29	 7	 2	219.615	0.250
29	 7	 3	218.543	0.264
29	 7	 4	217.679	0.236
29	 7	 5	216.574	0.277
29	 7	 6	215.595	0.290
29	 7	 7	214.519	0.291
30	 0	 0	219.274	0.331
30	 0	 1	218.317	0.348
30	 0	 2	217.326	0.341
30	 0	 3	216.301	0.372
30	 0	 4	215.318	0.354
30	 0	 5	214.326	0.332
30	 0	 6	213.364	0.346
30	 0	 7	212.391	0.341
30	 1	 0	219.251	0.291
30	 1	 1	218.303	0.300
30	 1	 2	217.332	0.296
30	 1	 3	216.282	0.303
30	 1	 4	215.347	0.327
30	 1	 5	214.305	0.304
30	 1	 6	213.385	0.290
30	 1	 7	212.429	0.330
30	 2	 0	219.275	0.301
30	 2	 1	218.287	0.301
30	 2	 2	217.301	0.278
30	 2	 3	216.282	0.309
30	 2	 4	215.321	0.296
30	 2	 5	214.308	0.307
30	 2	 6	213.400	0.295
30	 2	 7	212.371	0.303
30	 3	 0	219.274	0.282
30	 3	 1	218.286	0.296
30	 3	 2	217.309	0.261
30	 3	 3	216.290	0.295
30	 3	 4	215.356	0.293
30	 3	 5	214.334	0.311
30	 3	 6	213.370	0.271
30	 3	 7	212.371	0.306
30	 4	 0	219.335	0.290
30	 4	 1	218.280	0.280
30	 4	 2	217.341	0.292
30	 4	 3	216.282	0.304
30	 4	 4	215.318	0.293
30	 4	 5	214.351	0.313
30	 4	 6	213.400	0.309
30	 4	 7	212.427	0.292
30	 5	 0	219.292	0.309
30	 5	 1	218.285	0.250
30	 5	 2	217.372	0.286
30	 5	 3	216.285	0.285
30	 5	 4	215.325	0.303
30	 5	 5	214.347	0.308
30	 5	 6	213.388	0.275
30	 5	 7	212.373	0.325
30	 6	 0	219.282	0.286
30	 6	 1	218.270	0.276
30	 6	 2	217.355	0.297
30	 6	 3	216.301	0.290
30	 6	 4	215.345	0.294
30	 6	 5	214.320	0.288
30	 6	 6	213.393	0.296
30	 6	 7	212.400	0.306
30	 7	 0	219.289	0.268
30	 7	 1	218.272	0.313
30	 7	 2	217.362	0.301
30	 7	 3	216.301	0.314
30	 7	 4	215.378	0.290
30	 7	 5	214.305	0.312
30	 7	 6	213.372	0.296
30	 7	 7	212.415	0.296
31	 0	 0	226.107	0.293
31	 0	 1	225.080	0.298
31	 0	 2	223.942	0.305
31	 0	 3	222.983	0.276
31	 0	 4	222.020	0.270
31	 0	 5	220.984	0.328
31	 0	 6	220.075	0.301
31	 0	 7	219.056	0.279
31	 1	 0	226.167	0.290
31	 1	 1	225.119	0.286
31	 1	 2	223.972	0.283
31	 1	 3	223.001	0.306
31	 1	 4	221.975	0.313
31	 1	 5	221.062	0.287
31	 1	 6	219.997	0.284
31	 1	 7	218.953	0.281
31	 2	 0	226.206	0.276
31	 2	 1	225.184	0.235
31	 2	 2	223.949	0.278
31	 2	 3	223.069	0.301
31	 2	 4	221.992	0.271
31	 2	 5	220.994	0.325
31	 2	 6	220.003	0.284
31	 2	 7	218.983	0.286
31	 3	 0	226.113	0.259
31	 3	 1	225.200	0.278
31	 3	 2	223.970	0.282
31	 3	 3	223.007	0.277
31	 3	 4	222.123	0.247
31	 3	 5	221.074	0.254
31	 3	 6	219.959	0.280
31	 3	 7	218.971	0.284
31	 4	 0	226.211	0.258
31	 4	 1	225.094	0.257
31	 4	 2	223.962	0.281
31	 4	 3	223.099	0.260
31	 4	 4	222.126	0.283
31	 4	 5	221.019	0.286
31	 4	 6	219.965	0.281
31	 4	 7	219.000	0.287
31	 5	 0	226.145	0.279
31	 5	 1	225.102	0.291
31	 5	 2	224.048	0.280
31	 5	 3	223.124	0.254
31	 5	 4	222.172	0.269
31	 5	 5	221.068	0.276
31	 5	 6	220.111	0.263
31	 5	 7	218.978	0.285
31	 6	 0	226.181	0.285
31	 6	 1	225.201	0.260
31	 6	 2	224.049	0.308
31	 6	 3	223.040	0.273
31	 6	 4	222.074	0.268
31	 6	 5	221.119	0.289
31	 6	 6	220.033	0.309
31	 6	 7	218.998	0.287
31	 7	 0	226.168	0.272
31	 7	 1	225.059	0.303
31	 7	 2	224.035	0.282
31	 7	 3	222.960	0.272
31	 7	 4	222.048	0.310
31	 7	 5	221.038	0.283
31	 7	 6	220.032	0.281
31	 7	 7	218.976	0.285
