ch	pt	fine_thr	a_fit	b_fit
 0	 0	 0	226.562	0.348
 0	 0	 1	225.387	0.328
 0	 0	 2	224.358	0.413
 0	 0	 3	223.174	0.431
 0	 0	 4	222.312	0.388
 0	 0	 5	221.230	0.403
 0	 0	 6	220.225	0.396
 0	 0	 7	219.144	0.415
 0	 1	 0	226.477	0.288
 0	 1	 1	225.310	0.292
 0	 1	 2	224.371	0.384
 0	 1	 3	223.238	0.356
 0	 1	 4	222.295	0.378
 0	 1	 5	221.263	0.413
 0	 1	 6	220.239	0.392
 0	 1	 7	219.155	0.400
 0	 2	 0	226.442	0.277
 0	 2	 1	225.254	0.216
 0	 2	 2	224.403	0.332
 0	 2	 3	223.266	0.387
 0	 2	 4	222.361	0.337
 0	 2	 5	221.220	0.377
 0	 2	 6	220.261	0.393
 0	 2	 7	219.200	0.402
 0	 3	 0	226.467	0.248
 0	 3	 1	225.363	0.259
 0	 3	 2	224.417	0.346
 0	 3	 3	223.322	0.346
 0	 3	 4	222.393	0.344
 0	 3	 5	221.261	0.380
 0	 3	 6	220.274	0.383
 0	 3	 7	219.247	0.381
 0	 4	 0	226.426	0.234
 0	 4	 1	225.347	0.227
 0	 4	 2	224.413	0.335
 0	 4	 3	223.289	0.350
 0	 4	 4	222.391	0.346
 0	 4	 5	221.318	0.348
 0	 4	 6	220.235	0.384
 0	 4	 7	219.178	0.395
 0	 5	 0	226.419	0.258
 0	 5	 1	225.305	0.226
 0	 5	 2	224.418	0.341
 0	 5	 3	223.307	0.330
 0	 5	 4	222.371	0.380
 0	 5	 5	221.299	0.392
 0	 5	 6	220.272	0.372
 0	 5	 7	219.181	0.403
 0	 6	 0	226.414	0.233
 0	 6	 1	225.337	0.355
 0	 6	 2	224.391	0.302
 0	 6	 3	223.283	0.366
 0	 6	 4	222.405	0.323
 0	 6	 5	221.246	0.382
 0	 6	 6	220.238	0.383
 0	 6	 7	219.180	0.384
 0	 7	 0	226.440	0.241
 0	 7	 1	225.356	0.345
 0	 7	 2	224.396	0.308
 0	 7	 3	223.211	0.385
 0	 7	 4	222.330	0.345
 0	 7	 5	221.201	0.338
 0	 7	 6	220.251	0.365
 0	 7	 7	219.196	0.362
 1	 0	 0	220.610	0.344
 1	 0	 1	219.473	0.324
 1	 0	 2	218.528	0.381
 1	 0	 3	217.439	0.370
 1	 0	 4	216.522	0.402
 1	 0	 5	215.396	0.403
 1	 0	 6	214.445	0.417
 1	 0	 7	213.300	0.389
 1	 1	 0	220.584	0.310
 1	 1	 1	219.478	0.296
 1	 1	 2	218.508	0.360
 1	 1	 3	217.449	0.385
 1	 1	 4	216.494	0.409
 1	 1	 5	215.386	0.412
 1	 1	 6	214.427	0.410
 1	 1	 7	213.321	0.395
 1	 2	 0	220.595	0.293
 1	 2	 1	219.450	0.292
 1	 2	 2	218.530	0.414
 1	 2	 3	217.430	0.363
 1	 2	 4	216.482	0.381
 1	 2	 5	215.400	0.429
 1	 2	 6	214.415	0.433
 1	 2	 7	213.286	0.394
 1	 3	 0	220.581	0.277
 1	 3	 1	219.488	0.279
 1	 3	 2	218.544	0.411
 1	 3	 3	217.438	0.392
 1	 3	 4	216.466	0.415
 1	 3	 5	215.374	0.407
 1	 3	 6	214.416	0.396
 1	 3	 7	213.303	0.427
 1	 4	 0	220.589	0.271
 1	 4	 1	219.455	0.238
 1	 4	 2	218.551	0.417
 1	 4	 3	217.449	0.426
 1	 4	 4	216.498	0.424
 1	 4	 5	215.374	0.428
 1	 4	 6	214.426	0.399
 1	 4	 7	213.230	0.413
 1	 5	 0	220.593	0.280
 1	 5	 1	219.443	0.266
 1	 5	 2	218.504	0.402
 1	 5	 3	217.436	0.428
 1	 5	 4	216.514	0.450
 1	 5	 5	215.369	0.439
 1	 5	 6	214.401	0.445
 1	 5	 7	213.274	0.424
 1	 6	 0	220.622	0.258
 1	 6	 1	219.463	0.429
 1	 6	 2	218.507	0.425
 1	 6	 3	217.460	0.407
 1	 6	 4	216.516	0.417
 1	 6	 5	215.382	0.463
 1	 6	 6	214.394	0.423
 1	 6	 7	213.316	0.394
 1	 7	 0	220.594	0.283
 1	 7	 1	219.465	0.403
 1	 7	 2	218.519	0.392
 1	 7	 3	217.423	0.417
 1	 7	 4	216.498	0.415
 1	 7	 5	215.362	0.421
 1	 7	 6	214.388	0.419
 1	 7	 7	213.294	0.419
 2	 0	 0	220.470	0.370
 2	 0	 1	219.352	0.344
 2	 0	 2	218.444	0.411
 2	 0	 3	217.383	0.429
 2	 0	 4	216.488	0.447
 2	 0	 5	215.336	0.455
 2	 0	 6	214.349	0.425
 2	 0	 7	213.291	0.413
 2	 1	 0	220.437	0.317
 2	 1	 1	219.336	0.320
 2	 1	 2	218.433	0.419
 2	 1	 3	217.403	0.439
 2	 1	 4	216.459	0.451
 2	 1	 5	215.360	0.465
 2	 1	 6	214.394	0.455
 2	 1	 7	213.316	0.421
 2	 2	 0	220.451	0.287
 2	 2	 1	219.355	0.286
 2	 2	 2	218.436	0.468
 2	 2	 3	217.433	0.413
 2	 2	 4	216.449	0.435
 2	 2	 5	215.357	0.476
 2	 2	 6	214.345	0.504
 2	 2	 7	213.293	0.480
 2	 3	 0	220.434	0.294
 2	 3	 1	219.372	0.289
 2	 3	 2	218.475	0.466
 2	 3	 3	217.401	0.464
 2	 3	 4	216.387	0.476
 2	 3	 5	215.380	0.435
 2	 3	 6	214.365	0.476
 2	 3	 7	213.374	0.450
 2	 4	 0	220.441	0.275
 2	 4	 1	219.387	0.259
 2	 4	 2	218.443	0.459
 2	 4	 3	217.373	0.469
 2	 4	 4	216.408	0.492
 2	 4	 5	215.314	0.473
 2	 4	 6	214.367	0.436
 2	 4	 7	213.260	0.463
 2	 5	 0	220.410	0.285
 2	 5	 1	219.360	0.280
 2	 5	 2	218.461	0.457
 2	 5	 3	217.372	0.495
 2	 5	 4	216.444	0.521
 2	 5	 5	215.313	0.493
 2	 5	 6	214.396	0.512
 2	 5	 7	213.271	0.480
 2	 6	 0	220.451	0.264
 2	 6	 1	219.381	0.505
 2	 6	 2	218.410	0.456
 2	 6	 3	217.391	0.450
 2	 6	 4	216.431	0.489
 2	 6	 5	215.298	0.529
 2	 6	 6	214.369	0.454
 2	 6	 7	213.308	0.452
 2	 7	 0	220.450	0.275
 2	 7	 1	219.411	0.472
 2	 7	 2	218.401	0.447
 2	 7	 3	217.363	0.467
 2	 7	 4	216.405	0.446
 2	 7	 5	215.297	0.464
 2	 7	 6	214.313	0.472
 2	 7	 7	213.320	0.466
 3	 0	 0	222.333	0.378
 3	 0	 1	221.287	0.357
 3	 0	 2	220.244	0.497
 3	 0	 3	219.194	0.512
 3	 0	 4	218.315	0.508
 3	 0	 5	217.264	0.470
 3	 0	 6	216.302	0.490
 3	 0	 7	215.256	0.514
 3	 1	 0	222.336	0.327
 3	 1	 1	221.286	0.325
 3	 1	 2	220.273	0.526
 3	 1	 3	219.205	0.570
 3	 1	 4	218.333	0.484
 3	 1	 5	217.231	0.518
 3	 1	 6	216.259	0.518
 3	 1	 7	215.183	0.568
 3	 2	 0	222.323	0.295
 3	 2	 1	221.234	0.318
 3	 2	 2	220.246	0.552
 3	 2	 3	219.199	0.623
 3	 2	 4	218.290	0.514
 3	 2	 5	217.240	0.537
 3	 2	 6	216.283	0.552
 3	 2	 7	215.155	0.588
 3	 3	 0	222.259	0.280
 3	 3	 1	221.199	0.279
 3	 3	 2	220.243	0.596
 3	 3	 3	219.139	0.659
 3	 3	 4	218.261	0.553
 3	 3	 5	217.211	0.635
 3	 3	 6	216.211	0.588
 3	 3	 7	215.119	0.653
 3	 4	 0	222.301	0.295
 3	 4	 1	221.195	0.320
 3	 4	 2	220.276	0.610
 3	 4	 3	219.137	0.666
 3	 4	 4	218.315	0.584
 3	 4	 5	217.245	0.606
 3	 4	 6	216.271	0.589
 3	 4	 7	215.124	0.679
 3	 5	 0	222.327	0.314
 3	 5	 1	221.188	0.283
 3	 5	 2	220.307	0.625
 3	 5	 3	219.202	0.666
 3	 5	 4	218.281	0.568
 3	 5	 5	217.261	0.633
 3	 5	 6	216.279	0.576
 3	 5	 7	215.076	0.693
 3	 6	 0	222.308	0.307
 3	 6	 1	221.175	0.669
 3	 6	 2	220.286	0.575
 3	 6	 3	219.139	0.656
 3	 6	 4	218.250	0.623
 3	 6	 5	217.227	0.628
 3	 6	 6	216.186	0.630
 3	 6	 7	215.098	0.704
 3	 7	 0	222.316	0.311
 3	 7	 1	221.211	0.549
 3	 7	 2	220.248	0.594
 3	 7	 3	219.109	0.655
 3	 7	 4	218.297	0.571
 3	 7	 5	217.188	0.588
 3	 7	 6	216.264	0.573
 3	 7	 7	215.134	0.601
 4	 0	 0	223.698	0.377
 4	 0	 1	222.593	0.398
 4	 0	 2	221.632	0.535
 4	 0	 3	220.524	0.533
 4	 0	 4	219.672	0.538
 4	 0	 5	218.630	0.519
 4	 0	 6	217.734	0.528
 4	 0	 7	216.595	0.507
 4	 1	 0	223.694	0.331
 4	 1	 1	222.635	0.312
 4	 1	 2	221.594	0.578
 4	 1	 3	220.525	0.552
 4	 1	 4	219.671	0.597
 4	 1	 5	218.545	0.597
 4	 1	 6	217.676	0.644
 4	 1	 7	216.601	0.580
 4	 2	 0	223.688	0.317
 4	 2	 1	222.620	0.327
 4	 2	 2	221.591	0.643
 4	 2	 3	220.515	0.606
 4	 2	 4	219.650	0.650
 4	 2	 5	218.573	0.562
 4	 2	 6	217.617	0.589
 4	 2	 7	216.528	0.620
 4	 3	 0	223.674	0.311
 4	 3	 1	222.576	0.296
 4	 3	 2	221.568	0.669
 4	 3	 3	220.501	0.663
 4	 3	 4	219.623	0.701
 4	 3	 5	218.550	0.641
 4	 3	 6	217.604	0.637
 4	 3	 7	216.571	0.691
 4	 4	 0	223.679	0.309
 4	 4	 1	222.578	0.305
 4	 4	 2	221.544	0.737
 4	 4	 3	220.472	0.647
 4	 4	 4	219.562	0.699
 4	 4	 5	218.500	0.644
 4	 4	 6	217.598	0.663
 4	 4	 7	216.574	0.705
 4	 5	 0	223.714	0.302
 4	 5	 1	222.571	0.313
 4	 5	 2	221.512	0.748
 4	 5	 3	220.516	0.701
 4	 5	 4	219.617	0.715
 4	 5	 5	218.486	0.592
 4	 5	 6	217.652	0.731
 4	 5	 7	216.517	0.681
 4	 6	 0	223.683	0.298
 4	 6	 1	222.510	0.749
 4	 6	 2	221.552	0.715
 4	 6	 3	220.450	0.655
 4	 6	 4	219.619	0.735
 4	 6	 5	218.539	0.662
 4	 6	 6	217.590	0.648
 4	 6	 7	216.532	0.691
 4	 7	 0	223.703	0.292
 4	 7	 1	222.556	0.747
 4	 7	 2	221.578	0.643
 4	 7	 3	220.512	0.660
 4	 7	 4	219.632	0.701
 4	 7	 5	218.556	0.592
 4	 7	 6	217.604	0.720
 4	 7	 7	216.538	0.667
 5	 0	 0	229.499	0.384
 5	 0	 1	228.462	0.392
 5	 0	 2	227.540	0.595
 5	 0	 3	226.315	0.664
 5	 0	 4	225.472	0.587
 5	 0	 5	224.346	0.649
 5	 0	 6	223.432	0.605
 5	 0	 7	222.338	0.597
 5	 1	 0	229.523	0.325
 5	 1	 1	228.440	0.340
 5	 1	 2	227.499	0.576
 5	 1	 3	226.340	0.684
 5	 1	 4	225.418	0.615
 5	 1	 5	224.326	0.682
 5	 1	 6	223.429	0.554
 5	 1	 7	222.283	0.691
 5	 2	 0	229.478	0.329
 5	 2	 1	228.443	0.352
 5	 2	 2	227.452	0.704
 5	 2	 3	226.361	0.736
 5	 2	 4	225.395	0.710
 5	 2	 5	224.255	0.846
 5	 2	 6	223.386	0.699
 5	 2	 7	222.291	0.722
 5	 3	 0	229.489	0.318
 5	 3	 1	228.442	0.333
 5	 3	 2	227.448	0.767
 5	 3	 3	226.304	0.764
 5	 3	 4	225.375	0.793
 5	 3	 5	224.293	0.880
 5	 3	 6	223.370	0.815
 5	 3	 7	222.264	0.812
 5	 4	 0	229.447	0.307
 5	 4	 1	228.464	0.335
 5	 4	 2	227.394	0.791
 5	 4	 3	226.314	0.773
 5	 4	 4	225.351	0.771
 5	 4	 5	224.234	0.812
 5	 4	 6	223.301	0.834
 5	 4	 7	222.255	0.831
 5	 5	 0	229.513	0.305
 5	 5	 1	228.408	0.322
 5	 5	 2	227.317	0.811
 5	 5	 3	226.257	0.839
 5	 5	 4	225.324	0.801
 5	 5	 5	224.195	0.881
 5	 5	 6	223.328	0.784
 5	 5	 7	222.208	0.855
 5	 6	 0	229.462	0.307
 5	 6	 1	228.281	0.888
 5	 6	 2	227.331	0.844
 5	 6	 3	226.185	0.856
 5	 6	 4	225.322	0.843
 5	 6	 5	224.252	0.833
 5	 6	 6	223.356	0.808
 5	 6	 7	222.205	0.829
 5	 7	 0	229.459	0.331
 5	 7	 1	228.327	0.780
 5	 7	 2	227.293	0.786
 5	 7	 3	226.221	0.850
 5	 7	 4	225.272	0.841
 5	 7	 5	224.235	0.869
 5	 7	 6	223.372	0.748
 5	 7	 7	222.222	0.811
 6	 0	 0	215.226	0.443
 6	 0	 1	214.155	0.427
 6	 0	 2	213.205	0.672
 6	 0	 3	211.850	0.798
 6	 0	 4	210.938	0.807
 6	 0	 5	209.852	0.790
 6	 0	 6	208.872	0.783
 6	 0	 7	207.749	0.720
 6	 1	 0	215.208	0.404
 6	 1	 1	214.115	0.367
 6	 1	 2	213.114	0.844
 6	 1	 3	211.836	0.782
 6	 1	 4	210.938	0.828
 6	 1	 5	209.817	0.841
 6	 1	 6	208.816	0.809
 6	 1	 7	207.718	0.804
 6	 2	 0	215.229	0.346
 6	 2	 1	214.061	0.359
 6	 2	 2	213.168	0.920
 6	 2	 3	211.853	0.915
 6	 2	 4	210.865	0.938
 6	 2	 5	209.769	0.906
 6	 2	 6	208.821	0.880
 6	 2	 7	207.709	0.969
 6	 3	 0	215.166	0.359
 6	 3	 1	214.045	0.333
 6	 3	 2	213.073	1.032
 6	 3	 3	211.773	0.919
 6	 3	 4	210.897	0.940
 6	 3	 5	209.772	1.004
 6	 3	 6	208.817	0.958
 6	 3	 7	207.687	0.940
 6	 4	 0	215.216	0.337
 6	 4	 1	214.068	0.269
 6	 4	 2	213.081	1.039
 6	 4	 3	211.838	0.970
 6	 4	 4	210.881	1.057
 6	 4	 5	209.728	1.052
 6	 4	 6	208.780	1.018
 6	 4	 7	207.730	1.072
 6	 5	 0	215.243	0.361
 6	 5	 1	214.074	0.338
 6	 5	 2	213.073	1.029
 6	 5	 3	211.773	1.022
 6	 5	 4	210.896	0.999
 6	 5	 5	209.779	1.131
 6	 5	 6	208.811	1.103
 6	 5	 7	207.690	1.034
 6	 6	 0	215.186	0.344
 6	 6	 1	214.011	1.048
 6	 6	 2	213.095	1.024
 6	 6	 3	211.776	1.025
 6	 6	 4	210.878	1.123
 6	 6	 5	209.747	1.017
 6	 6	 6	208.772	1.039
 6	 6	 7	207.696	0.998
 6	 7	 0	215.198	0.333
 6	 7	 1	213.960	1.033
 6	 7	 2	212.977	0.996
 6	 7	 3	211.785	0.988
 6	 7	 4	210.847	1.059
 6	 7	 5	209.800	1.038
 6	 7	 6	208.776	0.984
 6	 7	 7	207.911	0.997
 7	 0	 0	215.229	0.482
 7	 0	 1	214.135	0.447
 7	 0	 2	213.235	0.776
 7	 0	 3	212.094	0.862
 7	 0	 4	211.200	0.843
 7	 0	 5	210.087	0.846
 7	 0	 6	209.036	0.857
 7	 0	 7	208.007	0.824
 7	 1	 0	215.169	0.373
 7	 1	 1	214.097	0.380
 7	 1	 2	213.100	0.903
 7	 1	 3	212.022	0.901
 7	 1	 4	211.110	0.925
 7	 1	 5	210.012	0.920
 7	 1	 6	209.048	0.891
 7	 1	 7	207.950	0.901
 7	 2	 0	215.186	0.375
 7	 2	 1	214.090	0.347
 7	 2	 2	213.143	0.981
 7	 2	 3	212.043	0.975
 7	 2	 4	211.097	0.992
 7	 2	 5	209.979	0.993
 7	 2	 6	209.113	0.898
 7	 2	 7	207.951	1.061
 7	 3	 0	215.163	0.375
 7	 3	 1	214.089	0.322
 7	 3	 2	213.034	1.109
 7	 3	 3	211.988	1.028
 7	 3	 4	211.095	1.000
 7	 3	 5	209.971	1.070
 7	 3	 6	208.996	1.030
 7	 3	 7	207.940	1.090
 7	 4	 0	215.140	0.336
 7	 4	 1	214.062	0.346
 7	 4	 2	213.058	1.129
 7	 4	 3	212.014	1.053
 7	 4	 4	211.056	1.117
 7	 4	 5	209.955	1.188
 7	 4	 6	209.133	1.099
 7	 4	 7	207.952	1.166
 7	 5	 0	215.086	0.383
 7	 5	 1	214.017	0.349
 7	 5	 2	213.041	1.126
 7	 5	 3	211.977	1.130
 7	 5	 4	211.053	1.094
 7	 5	 5	209.963	1.229
 7	 5	 6	208.950	1.156
 7	 5	 7	207.932	1.135
 7	 6	 0	215.121	0.359
 7	 6	 1	214.058	1.126
 7	 6	 2	213.023	1.096
 7	 6	 3	211.951	1.159
 7	 6	 4	210.994	1.183
 7	 6	 5	209.909	1.142
 7	 6	 6	208.958	1.145
 7	 6	 7	207.861	1.090
 7	 7	 0	215.118	0.343
 7	 7	 1	213.961	1.071
 7	 7	 2	213.103	1.101
 7	 7	 3	211.951	1.123
 7	 7	 4	211.018	1.173
 7	 7	 5	209.949	1.113
 7	 7	 6	209.022	1.107
 7	 7	 7	207.930	1.104
 8	 0	 0	231.305	0.426
 8	 0	 1	230.113	0.488
 8	 0	 2	229.209	0.877
 8	 0	 3	228.045	0.876
 8	 0	 4	227.150	0.820
 8	 0	 5	226.036	0.879
 8	 0	 6	225.022	0.860
 8	 0	 7	223.855	0.858
 8	 1	 0	231.219	0.384
 8	 1	 1	230.060	0.355
 8	 1	 2	229.152	0.945
 8	 1	 3	228.052	1.077
 8	 1	 4	227.051	1.008
 8	 1	 5	225.947	0.958
 8	 1	 6	224.913	1.016
 8	 1	 7	223.774	0.992
 8	 2	 0	231.235	0.387
 8	 2	 1	230.070	0.368
 8	 2	 2	229.065	1.195
 8	 2	 3	227.913	1.097
 8	 2	 4	227.066	1.108
 8	 2	 5	225.770	1.073
 8	 2	 6	224.816	1.168
 8	 2	 7	223.737	1.121
 8	 3	 0	231.205	0.391
 8	 3	 1	229.999	0.388
 8	 3	 2	229.078	1.269
 8	 3	 3	227.859	1.296
 8	 3	 4	226.958	1.200
 8	 3	 5	225.788	1.222
 8	 3	 6	224.805	1.224
 8	 3	 7	223.735	1.244
 8	 4	 0	231.170	0.431
 8	 4	 1	230.063	0.402
 8	 4	 2	228.963	1.344
 8	 4	 3	227.833	1.298
 8	 4	 4	226.892	1.249
 8	 4	 5	225.759	1.299
 8	 4	 6	224.737	1.399
 8	 4	 7	223.682	1.214
 8	 5	 0	231.177	0.444
 8	 5	 1	230.056	0.431
 8	 5	 2	228.912	1.383
 8	 5	 3	227.781	1.261
 8	 5	 4	226.831	1.423
 8	 5	 5	225.674	1.322
 8	 5	 6	224.782	1.358
 8	 5	 7	223.569	1.394
 8	 6	 0	231.177	0.432
 8	 6	 1	229.849	1.338
 8	 6	 2	228.900	1.310
 8	 6	 3	227.792	1.361
 8	 6	 4	226.822	1.454
 8	 6	 5	225.669	1.327
 8	 6	 6	224.743	1.356
 8	 6	 7	223.576	1.387
 8	 7	 0	231.143	0.469
 8	 7	 1	229.812	1.350
 8	 7	 2	228.879	1.359
 8	 7	 3	227.677	1.307
 8	 7	 4	226.832	1.351
 8	 7	 5	225.644	1.262
 8	 7	 6	224.695	1.274
 8	 7	 7	223.558	1.341
 9	 0	 0	220.232	0.438
 9	 0	 1	219.063	0.464
 9	 0	 2	218.165	0.795
 9	 0	 3	217.064	0.820
 9	 0	 4	216.128	0.935
 9	 0	 5	215.012	0.885
 9	 0	 6	214.032	0.887
 9	 0	 7	212.928	0.814
 9	 1	 0	220.175	0.366
 9	 1	 1	219.036	0.423
 9	 1	 2	218.177	0.906
 9	 1	 3	217.096	0.982
 9	 1	 4	216.097	1.004
 9	 1	 5	214.946	0.983
 9	 1	 6	213.999	1.007
 9	 1	 7	212.861	0.979
 9	 2	 0	220.191	0.409
 9	 2	 1	219.017	0.396
 9	 2	 2	218.093	1.113
 9	 2	 3	217.058	1.098
 9	 2	 4	216.049	1.133
 9	 2	 5	214.858	1.173
 9	 2	 6	213.988	1.119
 9	 2	 7	212.895	1.095
 9	 3	 0	220.143	0.408
 9	 3	 1	218.962	0.384
 9	 3	 2	218.183	1.222
 9	 3	 3	217.021	1.174
 9	 3	 4	216.051	1.156
 9	 3	 5	214.993	1.117
 9	 3	 6	213.986	1.177
 9	 3	 7	212.933	1.154
 9	 4	 0	220.152	0.440
 9	 4	 1	219.026	0.369
 9	 4	 2	218.177	1.254
 9	 4	 3	217.028	1.231
 9	 4	 4	216.107	1.331
 9	 4	 5	214.923	1.188
 9	 4	 6	213.991	1.147
 9	 4	 7	212.865	1.186
 9	 5	 0	220.128	0.464
 9	 5	 1	218.984	0.434
 9	 5	 2	218.104	1.217
 9	 5	 3	216.979	1.201
 9	 5	 4	216.075	1.284
 9	 5	 5	214.884	1.315
 9	 5	 6	213.989	1.265
 9	 5	 7	212.855	1.279
 9	 6	 0	220.128	0.506
 9	 6	 1	218.993	1.243
 9	 6	 2	218.176	1.153
 9	 6	 3	217.063	1.215
 9	 6	 4	216.078	1.254
 9	 6	 5	214.960	1.297
 9	 6	 6	213.992	1.238
 9	 6	 7	212.865	1.239
 9	 7	 0	220.125	0.536
 9	 7	 1	219.019	1.211
 9	 7	 2	218.108	1.212
 9	 7	 3	216.950	1.192
 9	 7	 4	216.116	1.203
 9	 7	 5	214.935	1.276
 9	 7	 6	213.982	1.234
 9	 7	 7	212.807	1.154
10	 0	 0	227.114	0.325
10	 0	 1	225.962	0.358
10	 0	 2	225.107	0.629
10	 0	 3	223.850	0.597
10	 0	 4	222.966	0.667
10	 0	 5	221.778	0.548
10	 0	 6	220.886	0.629
10	 0	 7	219.731	0.502
10	 1	 0	227.127	0.286
10	 1	 1	225.987	0.280
10	 1	 2	225.064	0.757
10	 1	 3	223.828	0.696
10	 1	 4	222.917	0.719
10	 1	 5	221.716	0.550
10	 1	 6	220.891	0.674
10	 1	 7	219.678	0.566
10	 2	 0	227.097	0.314
10	 2	 1	225.958	0.276
10	 2	 2	225.085	0.739
10	 2	 3	223.882	0.729
10	 2	 4	222.931	0.742
10	 2	 5	221.709	0.696
10	 2	 6	220.868	0.747
10	 2	 7	219.760	0.619
10	 3	 0	227.116	0.290
10	 3	 1	225.944	0.272
10	 3	 2	225.042	0.802
10	 3	 3	223.834	0.733
10	 3	 4	222.933	0.697
10	 3	 5	221.807	0.715
10	 3	 6	220.859	0.808
10	 3	 7	219.751	0.590
10	 4	 0	227.081	0.300
10	 4	 1	225.943	0.324
10	 4	 2	225.031	0.814
10	 4	 3	223.868	0.757
10	 4	 4	222.951	0.817
10	 4	 5	221.822	0.768
10	 4	 6	220.825	0.692
10	 4	 7	219.704	0.644
10	 5	 0	227.071	0.255
10	 5	 1	225.931	0.336
10	 5	 2	225.037	0.802
10	 5	 3	223.820	0.740
10	 5	 4	222.920	0.785
10	 5	 5	221.754	0.696
10	 5	 6	220.844	0.765
10	 5	 7	219.685	0.664
10	 6	 0	227.081	0.326
10	 6	 1	225.930	0.820
10	 6	 2	224.974	0.772
10	 6	 3	223.805	0.686
10	 6	 4	222.862	0.792
10	 6	 5	221.786	0.777
10	 6	 6	220.884	0.757
10	 6	 7	219.649	0.670
10	 7	 0	227.062	0.356
10	 7	 1	225.965	0.830
10	 7	 2	225.002	0.770
10	 7	 3	223.882	0.722
10	 7	 4	222.891	0.747
10	 7	 5	221.823	0.689
10	 7	 6	220.859	0.699
10	 7	 7	219.729	0.644
11	 0	 0	222.987	0.354
11	 0	 1	221.913	0.379
11	 0	 2	220.953	0.685
11	 0	 3	219.784	0.608
11	 0	 4	218.846	0.633
11	 0	 5	217.811	0.583
11	 0	 6	216.883	0.633
11	 0	 7	215.756	0.595
11	 1	 0	222.962	0.318
11	 1	 1	221.828	0.322
11	 1	 2	220.866	0.721
11	 1	 3	219.727	0.606
11	 1	 4	218.827	0.721
11	 1	 5	217.787	0.684
11	 1	 6	216.855	0.674
11	 1	 7	215.758	0.705
11	 2	 0	222.966	0.273
11	 2	 1	221.851	0.310
11	 2	 2	220.792	0.766
11	 2	 3	219.750	0.754
11	 2	 4	218.786	0.712
11	 2	 5	217.745	0.716
11	 2	 6	216.846	0.734
11	 2	 7	215.718	0.691
11	 3	 0	222.920	0.353
11	 3	 1	221.805	0.304
11	 3	 2	220.867	0.851
11	 3	 3	219.735	0.719
11	 3	 4	218.800	0.784
11	 3	 5	217.786	0.804
11	 3	 6	216.824	0.811
11	 3	 7	215.673	0.730
11	 4	 0	222.957	0.361
11	 4	 1	221.816	0.325
11	 4	 2	220.823	0.879
11	 4	 3	219.743	0.825
11	 4	 4	218.792	0.767
11	 4	 5	217.744	0.769
11	 4	 6	216.803	0.775
11	 4	 7	215.714	0.877
11	 5	 0	222.880	0.359
11	 5	 1	221.798	0.363
11	 5	 2	220.790	0.836
11	 5	 3	219.746	0.799
11	 5	 4	218.772	0.797
11	 5	 5	217.753	0.792
11	 5	 6	216.791	0.829
11	 5	 7	215.680	0.847
11	 6	 0	222.897	0.361
11	 6	 1	221.750	0.865
11	 6	 2	220.855	0.825
11	 6	 3	219.710	0.805
11	 6	 4	218.831	0.867
11	 6	 5	217.782	0.834
11	 6	 6	216.765	0.829
11	 6	 7	215.667	0.832
11	 7	 0	222.914	0.386
11	 7	 1	221.725	0.768
11	 7	 2	220.803	0.855
11	 7	 3	219.657	0.831
11	 7	 4	218.770	0.821
11	 7	 5	217.696	0.743
11	 7	 6	216.775	0.763
11	 7	 7	215.656	0.772
12	 0	 0	222.414	0.383
12	 0	 1	221.355	0.369
12	 0	 2	220.411	0.527
12	 0	 3	219.267	0.556
12	 0	 4	218.423	0.532
12	 0	 5	217.340	0.548
12	 0	 6	216.458	0.553
12	 0	 7	215.269	0.585
12	 1	 0	222.381	0.337
12	 1	 1	221.315	0.343
12	 1	 2	220.320	0.605
12	 1	 3	219.299	0.598
12	 1	 4	218.380	0.582
12	 1	 5	217.326	0.584
12	 1	 6	216.392	0.536
12	 1	 7	215.245	0.650
12	 2	 0	222.337	0.323
12	 2	 1	221.285	0.326
12	 2	 2	220.300	0.675
12	 2	 3	219.291	0.747
12	 2	 4	218.362	0.642
12	 2	 5	217.324	0.678
12	 2	 6	216.365	0.636
12	 2	 7	215.217	0.717
12	 3	 0	222.340	0.345
12	 3	 1	221.237	0.333
12	 3	 2	220.318	0.738
12	 3	 3	219.197	0.760
12	 3	 4	218.351	0.686
12	 3	 5	217.313	0.739
12	 3	 6	216.320	0.701
12	 3	 7	215.203	0.775
12	 4	 0	222.378	0.348
12	 4	 1	221.251	0.345
12	 4	 2	220.334	0.800
12	 4	 3	219.176	0.838
12	 4	 4	218.361	0.708
12	 4	 5	217.290	0.767
12	 4	 6	216.298	0.775
12	 4	 7	215.210	0.897
12	 5	 0	222.365	0.409
12	 5	 1	221.237	0.389
12	 5	 2	220.259	0.861
12	 5	 3	219.180	0.860
12	 5	 4	218.322	0.784
12	 5	 5	217.338	0.742
12	 5	 6	216.331	0.800
12	 5	 7	215.176	0.854
12	 6	 0	222.308	0.395
12	 6	 1	221.234	0.851
12	 6	 2	220.265	0.843
12	 6	 3	219.182	0.820
12	 6	 4	218.315	0.853
12	 6	 5	217.311	0.838
12	 6	 6	216.215	0.856
12	 6	 7	215.184	0.856
12	 7	 0	222.363	0.445
12	 7	 1	221.259	0.788
12	 7	 2	220.250	0.795
12	 7	 3	219.142	0.832
12	 7	 4	218.297	0.771
12	 7	 5	217.297	0.698
12	 7	 6	216.232	0.787
12	 7	 7	215.139	0.798
13	 0	 0	221.608	0.340
13	 0	 1	220.593	0.375
13	 0	 2	219.622	0.483
13	 0	 3	218.593	0.447
13	 0	 4	217.693	0.503
13	 0	 5	216.707	0.547
13	 0	 6	215.731	0.538
13	 0	 7	214.676	0.540
13	 1	 0	221.560	0.322
13	 1	 1	220.526	0.327
13	 1	 2	219.575	0.567
13	 1	 3	218.561	0.494
13	 1	 4	217.691	0.560
13	 1	 5	216.651	0.522
13	 1	 6	215.724	0.563
13	 1	 7	214.674	0.506
13	 2	 0	221.564	0.337
13	 2	 1	220.535	0.329
13	 2	 2	219.530	0.562
13	 2	 3	218.518	0.565
13	 2	 4	217.664	0.583
13	 2	 5	216.659	0.621
13	 2	 6	215.728	0.640
13	 2	 7	214.653	0.577
13	 3	 0	221.571	0.349
13	 3	 1	220.531	0.356
13	 3	 2	219.610	0.623
13	 3	 3	218.520	0.594
13	 3	 4	217.672	0.605
13	 3	 5	216.653	0.644
13	 3	 6	215.620	0.628
13	 3	 7	214.661	0.666
13	 4	 0	221.567	0.369
13	 4	 1	220.492	0.381
13	 4	 2	219.553	0.657
13	 4	 3	218.498	0.600
13	 4	 4	217.679	0.655
13	 4	 5	216.599	0.659
13	 4	 6	215.660	0.695
13	 4	 7	214.638	0.709
13	 5	 0	221.589	0.401
13	 5	 1	220.503	0.400
13	 5	 2	219.503	0.652
13	 5	 3	218.532	0.603
13	 5	 4	217.658	0.723
13	 5	 5	216.612	0.753
13	 5	 6	215.698	0.678
13	 5	 7	214.589	0.703
13	 6	 0	221.539	0.428
13	 6	 1	220.485	0.701
13	 6	 2	219.490	0.673
13	 6	 3	218.489	0.679
13	 6	 4	217.631	0.700
13	 6	 5	216.626	0.663
13	 6	 6	215.627	0.683
13	 6	 7	214.630	0.699
13	 7	 0	221.519	0.453
13	 7	 1	220.443	0.705
13	 7	 2	219.496	0.709
13	 7	 3	218.465	0.606
13	 7	 4	217.668	0.731
13	 7	 5	216.605	0.673
13	 7	 6	215.695	0.756
13	 7	 7	214.588	0.671
14	 0	 0	227.232	0.325
14	 0	 1	226.055	0.350
14	 0	 2	225.228	0.483
14	 0	 3	223.980	0.524
14	 0	 4	223.049	0.558
14	 0	 5	221.932	0.496
14	 0	 6	220.991	0.503
14	 0	 7	219.875	0.431
14	 1	 0	227.191	0.314
14	 1	 1	226.051	0.274
14	 1	 2	225.228	0.563
14	 1	 3	223.999	0.544
14	 1	 4	223.026	0.555
14	 1	 5	221.921	0.522
14	 1	 6	220.987	0.546
14	 1	 7	219.873	0.516
14	 2	 0	227.209	0.350
14	 2	 1	226.034	0.308
14	 2	 2	225.176	0.583
14	 2	 3	223.970	0.563
14	 2	 4	223.063	0.601
14	 2	 5	221.935	0.600
14	 2	 6	220.977	0.580
14	 2	 7	219.894	0.533
14	 3	 0	227.174	0.329
14	 3	 1	226.023	0.369
14	 3	 2	225.122	0.647
14	 3	 3	223.974	0.586
14	 3	 4	223.036	0.585
14	 3	 5	221.905	0.585
14	 3	 6	221.001	0.628
14	 3	 7	219.849	0.519
14	 4	 0	227.126	0.355
14	 4	 1	226.017	0.392
14	 4	 2	225.087	0.632
14	 4	 3	223.947	0.624
14	 4	 4	223.008	0.628
14	 4	 5	221.907	0.627
14	 4	 6	220.975	0.614
14	 4	 7	219.857	0.575
14	 5	 0	227.143	0.410
14	 5	 1	225.948	0.405
14	 5	 2	225.118	0.651
14	 5	 3	223.899	0.589
14	 5	 4	223.027	0.633
14	 5	 5	221.881	0.585
14	 5	 6	220.963	0.640
14	 5	 7	219.800	0.605
14	 6	 0	227.134	0.423
14	 6	 1	226.015	0.669
14	 6	 2	225.052	0.627
14	 6	 3	223.889	0.563
14	 6	 4	222.970	0.657
14	 6	 5	221.890	0.635
14	 6	 6	220.926	0.648
14	 6	 7	219.798	0.605
14	 7	 0	227.153	0.473
14	 7	 1	225.997	0.671
14	 7	 2	225.065	0.661
14	 7	 3	223.917	0.630
14	 7	 4	223.025	0.677
14	 7	 5	221.861	0.615
14	 7	 6	220.930	0.618
14	 7	 7	219.839	0.613
15	 0	 0	219.924	0.366
15	 0	 1	218.869	0.327
15	 0	 2	217.847	0.503
15	 0	 3	216.825	0.481
15	 0	 4	215.924	0.540
15	 0	 5	214.824	0.457
15	 0	 6	213.905	0.496
15	 0	 7	212.840	0.486
15	 1	 0	219.913	0.331
15	 1	 1	218.870	0.303
15	 1	 2	217.862	0.493
15	 1	 3	216.778	0.505
15	 1	 4	215.907	0.534
15	 1	 5	214.778	0.520
15	 1	 6	213.790	0.495
15	 1	 7	212.722	0.534
15	 2	 0	219.915	0.369
15	 2	 1	218.839	0.316
15	 2	 2	217.830	0.577
15	 2	 3	216.822	0.532
15	 2	 4	215.938	0.597
15	 2	 5	214.843	0.625
15	 2	 6	213.845	0.519
15	 2	 7	212.770	0.558
15	 3	 0	219.873	0.347
15	 3	 1	218.776	0.344
15	 3	 2	217.817	0.613
15	 3	 3	216.796	0.579
15	 3	 4	215.891	0.621
15	 3	 5	214.829	0.600
15	 3	 6	213.847	0.596
15	 3	 7	212.731	0.574
15	 4	 0	219.856	0.385
15	 4	 1	218.797	0.363
15	 4	 2	217.832	0.572
15	 4	 3	216.803	0.621
15	 4	 4	215.915	0.674
15	 4	 5	214.757	0.626
15	 4	 6	213.857	0.575
15	 4	 7	212.691	0.589
15	 5	 0	219.870	0.419
15	 5	 1	218.727	0.381
15	 5	 2	217.801	0.655
15	 5	 3	216.728	0.623
15	 5	 4	215.897	0.663
15	 5	 5	214.740	0.662
15	 5	 6	213.800	0.606
15	 5	 7	212.702	0.643
15	 6	 0	219.864	0.467
15	 6	 1	218.676	0.647
15	 6	 2	217.823	0.633
15	 6	 3	216.763	0.621
15	 6	 4	215.854	0.650
15	 6	 5	214.761	0.648
15	 6	 6	213.844	0.685
15	 6	 7	212.700	0.646
15	 7	 0	219.847	0.474
15	 7	 1	218.714	0.648
15	 7	 2	217.800	0.642
15	 7	 3	216.715	0.647
15	 7	 4	215.821	0.609
15	 7	 5	214.772	0.669
15	 7	 6	213.829	0.664
15	 7	 7	212.652	0.594
16	 0	 0	221.306	0.324
16	 0	 1	220.256	0.325
16	 0	 2	219.323	0.424
16	 0	 3	218.225	0.389
16	 0	 4	217.324	0.392
16	 0	 5	216.277	0.427
16	 0	 6	215.267	0.414
16	 0	 7	214.204	0.424
16	 1	 0	221.283	0.322
16	 1	 1	220.205	0.289
16	 1	 2	219.254	0.438
16	 1	 3	218.255	0.412
16	 1	 4	217.345	0.382
16	 1	 5	216.294	0.424
16	 1	 6	215.219	0.428
16	 1	 7	214.199	0.444
16	 2	 0	221.278	0.288
16	 2	 1	220.186	0.307
16	 2	 2	219.270	0.417
16	 2	 3	218.217	0.469
16	 2	 4	217.261	0.436
16	 2	 5	216.304	0.423
16	 2	 6	215.228	0.451
16	 2	 7	214.208	0.480
16	 3	 0	221.271	0.275
16	 3	 1	220.214	0.274
16	 3	 2	219.294	0.434
16	 3	 3	218.261	0.405
16	 3	 4	217.337	0.438
16	 3	 5	216.227	0.474
16	 3	 6	215.264	0.461
16	 3	 7	214.219	0.461
16	 4	 0	221.303	0.270
16	 4	 1	220.177	0.300
16	 4	 2	219.293	0.463
16	 4	 3	218.268	0.433
16	 4	 4	217.335	0.435
16	 4	 5	216.200	0.492
16	 4	 6	215.203	0.485
16	 4	 7	214.183	0.476
16	 5	 0	221.268	0.267
16	 5	 1	220.163	0.291
16	 5	 2	219.235	0.446
16	 5	 3	218.236	0.446
16	 5	 4	217.263	0.470
16	 5	 5	216.205	0.504
16	 5	 6	215.243	0.486
16	 5	 7	214.125	0.481
16	 6	 0	221.281	0.271
16	 6	 1	220.219	0.461
16	 6	 2	219.252	0.485
16	 6	 3	218.227	0.450
16	 6	 4	217.304	0.453
16	 6	 5	216.211	0.458
16	 6	 6	215.257	0.434
16	 6	 7	214.171	0.497
16	 7	 0	221.189	0.283
16	 7	 1	220.235	0.470
16	 7	 2	219.253	0.424
16	 7	 3	218.221	0.440
16	 7	 4	217.247	0.474
16	 7	 5	216.179	0.474
16	 7	 6	215.247	0.479
16	 7	 7	214.108	0.482
17	 0	 0	218.631	0.399
17	 0	 1	217.667	0.417
17	 0	 2	216.698	0.524
17	 0	 3	215.627	0.507
17	 0	 4	214.785	0.534
17	 0	 5	213.734	0.514
17	 0	 6	212.762	0.518
17	 0	 7	211.739	0.537
17	 1	 0	218.684	0.358
17	 1	 1	217.677	0.351
17	 1	 2	216.691	0.503
17	 1	 3	215.633	0.498
17	 1	 4	214.791	0.548
17	 1	 5	213.677	0.476
17	 1	 6	212.766	0.489
17	 1	 7	211.732	0.516
17	 2	 0	218.670	0.339
17	 2	 1	217.657	0.355
17	 2	 2	216.702	0.513
17	 2	 3	215.621	0.532
17	 2	 4	214.787	0.509
17	 2	 5	213.696	0.504
17	 2	 6	212.785	0.509
17	 2	 7	211.744	0.524
17	 3	 0	218.647	0.339
17	 3	 1	217.573	0.342
17	 3	 2	216.696	0.612
17	 3	 3	215.572	0.511
17	 3	 4	214.785	0.586
17	 3	 5	213.722	0.529
17	 3	 6	212.747	0.538
17	 3	 7	211.727	0.572
17	 4	 0	218.626	0.330
17	 4	 1	217.596	0.327
17	 4	 2	216.697	0.534
17	 4	 3	215.621	0.535
17	 4	 4	214.739	0.538
17	 4	 5	213.709	0.535
17	 4	 6	212.690	0.547
17	 4	 7	211.680	0.554
17	 5	 0	218.599	0.340
17	 5	 1	217.569	0.327
17	 5	 2	216.671	0.563
17	 5	 3	215.606	0.538
17	 5	 4	214.778	0.568
17	 5	 5	213.687	0.526
17	 5	 6	212.730	0.552
17	 5	 7	211.642	0.564
17	 6	 0	218.614	0.351
17	 6	 1	217.582	0.543
17	 6	 2	216.724	0.581
17	 6	 3	215.608	0.597
17	 6	 4	214.809	0.585
17	 6	 5	213.665	0.517
17	 6	 6	212.729	0.581
17	 6	 7	211.705	0.562
17	 7	 0	218.652	0.321
17	 7	 1	217.572	0.522
17	 7	 2	216.649	0.540
17	 7	 3	215.625	0.557
17	 7	 4	214.786	0.574
17	 7	 5	213.678	0.510
17	 7	 6	212.755	0.512
17	 7	 7	211.677	0.583
18	 0	 0	225.201	0.364
18	 0	 1	224.087	0.382
18	 0	 2	223.149	0.566
18	 0	 3	221.993	0.569
18	 0	 4	221.113	0.565
18	 0	 5	220.022	0.597
18	 0	 6	219.076	0.565
18	 0	 7	218.020	0.551
18	 1	 0	225.159	0.308
18	 1	 1	224.067	0.327
18	 1	 2	223.137	0.605
18	 1	 3	221.979	0.677
18	 1	 4	221.091	0.586
18	 1	 5	220.025	0.617
18	 1	 6	219.071	0.599
18	 1	 7	218.016	0.589
18	 2	 0	225.139	0.325
18	 2	 1	224.070	0.322
18	 2	 2	223.118	0.648
18	 2	 3	221.997	0.676
18	 2	 4	221.120	0.674
18	 2	 5	219.988	0.655
18	 2	 6	219.004	0.626
18	 2	 7	218.014	0.638
18	 3	 0	225.148	0.322
18	 3	 1	224.068	0.314
18	 3	 2	223.082	0.695
18	 3	 3	221.958	0.722
18	 3	 4	221.093	0.671
18	 3	 5	219.984	0.718
18	 3	 6	219.058	0.661
18	 3	 7	218.026	0.653
18	 4	 0	225.196	0.334
18	 4	 1	224.092	0.315
18	 4	 2	223.134	0.713
18	 4	 3	221.950	0.751
18	 4	 4	221.109	0.692
18	 4	 5	219.903	0.768
18	 4	 6	219.057	0.710
18	 4	 7	218.023	0.707
18	 5	 0	225.157	0.318
18	 5	 1	224.099	0.327
18	 5	 2	223.084	0.754
18	 5	 3	221.933	0.746
18	 5	 4	221.080	0.724
18	 5	 5	219.923	0.776
18	 5	 6	219.016	0.738
18	 5	 7	218.014	0.695
18	 6	 0	225.155	0.319
18	 6	 1	223.971	0.758
18	 6	 2	223.073	0.707
18	 6	 3	221.962	0.754
18	 6	 4	221.071	0.695
18	 6	 5	219.969	0.734
18	 6	 6	219.060	0.688
18	 6	 7	217.931	0.676
18	 7	 0	225.116	0.324
18	 7	 1	224.022	0.712
18	 7	 2	223.049	0.740
18	 7	 3	221.956	0.685
18	 7	 4	221.043	0.703
18	 7	 5	219.956	0.716
18	 7	 6	219.019	0.694
18	 7	 7	217.984	0.681
19	 0	 0	218.274	0.334
19	 0	 1	217.196	0.356
19	 0	 2	216.265	0.547
19	 0	 3	215.089	0.583
19	 0	 4	214.289	0.553
19	 0	 5	213.185	0.617
19	 0	 6	212.218	0.589
19	 0	 7	211.130	0.557
19	 1	 0	218.152	0.337
19	 1	 1	217.162	0.306
19	 1	 2	216.301	0.631
19	 1	 3	215.211	0.631
19	 1	 4	214.306	0.590
19	 1	 5	213.195	0.630
19	 1	 6	212.234	0.640
19	 1	 7	211.150	0.659
19	 2	 0	218.189	0.306
19	 2	 1	217.152	0.320
19	 2	 2	216.300	0.653
19	 2	 3	215.180	0.678
19	 2	 4	214.287	0.669
19	 2	 5	213.236	0.676
19	 2	 6	212.171	0.681
19	 2	 7	211.191	0.676
19	 3	 0	218.166	0.315
19	 3	 1	217.153	0.344
19	 3	 2	216.350	0.741
19	 3	 3	215.179	0.681
19	 3	 4	214.278	0.713
19	 3	 5	213.229	0.709
19	 3	 6	212.213	0.728
19	 3	 7	211.078	0.747
19	 4	 0	218.188	0.315
19	 4	 1	217.178	0.319
19	 4	 2	216.343	0.674
19	 4	 3	215.162	0.746
19	 4	 4	214.258	0.657
19	 4	 5	213.249	0.707
19	 4	 6	212.140	0.729
19	 4	 7	211.156	0.719
19	 5	 0	218.142	0.313
19	 5	 1	217.103	0.291
19	 5	 2	216.314	0.739
19	 5	 3	215.149	0.755
19	 5	 4	214.242	0.707
19	 5	 5	213.255	0.697
19	 5	 6	212.178	0.685
19	 5	 7	211.140	0.737
19	 6	 0	218.134	0.327
19	 6	 1	217.188	0.803
19	 6	 2	216.225	0.815
19	 6	 3	215.125	0.760
19	 6	 4	214.272	0.743
19	 6	 5	213.262	0.699
19	 6	 6	212.187	0.724
19	 6	 7	211.098	0.747
19	 7	 0	218.164	0.315
19	 7	 1	217.190	0.729
19	 7	 2	216.239	0.702
19	 7	 3	215.101	0.744
19	 7	 4	214.207	0.750
19	 7	 5	213.126	0.714
19	 7	 6	212.217	0.737
19	 7	 7	211.124	0.729
20	 0	 0	216.043	0.403
20	 0	 1	214.997	0.402
20	 0	 2	214.028	0.599
20	 0	 3	213.041	0.643
20	 0	 4	212.076	0.626
20	 0	 5	211.005	0.645
20	 0	 6	210.122	0.583
20	 0	 7	208.955	0.651
20	 1	 0	216.037	0.384
20	 1	 1	214.926	0.342
20	 1	 2	214.020	0.685
20	 1	 3	213.030	0.685
20	 1	 4	212.096	0.655
20	 1	 5	210.956	0.682
20	 1	 6	209.992	0.711
20	 1	 7	208.956	0.658
20	 2	 0	216.037	0.296
20	 2	 1	214.980	0.338
20	 2	 2	213.964	0.689
20	 2	 3	212.981	0.757
20	 2	 4	212.040	0.715
20	 2	 5	210.947	0.736
20	 2	 6	210.000	0.710
20	 2	 7	208.995	0.714
20	 3	 0	216.069	0.326
20	 3	 1	214.972	0.345
20	 3	 2	213.947	0.815
20	 3	 3	212.901	0.779
20	 3	 4	212.028	0.788
20	 3	 5	210.927	0.722
20	 3	 6	210.000	0.730
20	 3	 7	208.916	0.785
20	 4	 0	216.021	0.302
20	 4	 1	214.987	0.339
20	 4	 2	213.993	0.793
20	 4	 3	212.969	0.732
20	 4	 4	212.015	0.786
20	 4	 5	210.926	0.759
20	 4	 6	209.976	0.730
20	 4	 7	208.932	0.773
20	 5	 0	216.013	0.366
20	 5	 1	214.954	0.268
20	 5	 2	213.903	0.826
20	 5	 3	212.919	0.812
20	 5	 4	211.965	0.879
20	 5	 5	210.959	0.854
20	 5	 6	209.959	0.823
20	 5	 7	208.903	0.798
20	 6	 0	216.026	0.328
20	 6	 1	214.969	0.789
20	 6	 2	213.907	0.816
20	 6	 3	212.883	0.849
20	 6	 4	212.053	0.720
20	 6	 5	210.935	0.878
20	 6	 6	209.908	0.839
20	 6	 7	208.968	0.756
20	 7	 0	216.009	0.336
20	 7	 1	214.889	0.819
20	 7	 2	213.936	0.797
20	 7	 3	212.894	0.774
20	 7	 4	212.046	0.776
20	 7	 5	210.969	0.787
20	 7	 6	209.979	0.756
20	 7	 7	208.942	0.776
21	 0	 0	219.455	0.401
21	 0	 1	218.443	0.377
21	 0	 2	217.452	0.572
21	 0	 3	216.420	0.653
21	 0	 4	215.516	0.637
21	 0	 5	214.427	0.618
21	 0	 6	213.455	0.590
21	 0	 7	212.341	0.623
21	 1	 0	219.466	0.354
21	 1	 1	218.388	0.354
21	 1	 2	217.505	0.641
21	 1	 3	216.481	0.636
21	 1	 4	215.539	0.632
21	 1	 5	214.429	0.689
21	 1	 6	213.444	0.617
21	 1	 7	212.385	0.645
21	 2	 0	219.471	0.355
21	 2	 1	218.432	0.328
21	 2	 2	217.481	0.690
21	 2	 3	216.446	0.727
21	 2	 4	215.494	0.697
21	 2	 5	214.418	0.759
21	 2	 6	213.395	0.678
21	 2	 7	212.398	0.763
21	 3	 0	219.475	0.328
21	 3	 1	218.457	0.328
21	 3	 2	217.498	0.772
21	 3	 3	216.417	0.765
21	 3	 4	215.514	0.783
21	 3	 5	214.463	0.767
21	 3	 6	213.457	0.810
21	 3	 7	212.398	0.771
21	 4	 0	219.447	0.350
21	 4	 1	218.417	0.327
21	 4	 2	217.479	0.765
21	 4	 3	216.434	0.864
21	 4	 4	215.477	0.911
21	 4	 5	214.418	0.765
21	 4	 6	213.470	0.784
21	 4	 7	212.348	0.827
21	 5	 0	219.431	0.333
21	 5	 1	218.414	0.326
21	 5	 2	217.493	0.798
21	 5	 3	216.440	0.793
21	 5	 4	215.541	0.858
21	 5	 5	214.389	0.829
21	 5	 6	213.419	0.827
21	 5	 7	212.315	0.866
21	 6	 0	219.461	0.349
21	 6	 1	218.401	0.838
21	 6	 2	217.537	0.806
21	 6	 3	216.472	0.778
21	 6	 4	215.513	0.901
21	 6	 5	214.414	0.837
21	 6	 6	213.421	0.880
21	 6	 7	212.374	0.854
21	 7	 0	219.436	0.345
21	 7	 1	218.397	0.794
21	 7	 2	217.451	0.824
21	 7	 3	216.387	0.767
21	 7	 4	215.502	0.760
21	 7	 5	214.434	0.816
21	 7	 6	213.389	0.793
21	 7	 7	212.376	0.736
22	 0	 0	207.674	0.420
22	 0	 1	206.680	0.418
22	 0	 2	205.720	0.656
22	 0	 3	204.673	0.667
22	 0	 4	203.744	0.661
22	 0	 5	202.768	0.674
22	 0	 6	201.880	0.732
22	 0	 7	200.796	0.628
22	 1	 0	207.611	0.410
22	 1	 1	206.672	0.349
22	 1	 2	205.717	0.750
22	 1	 3	204.646	0.766
22	 1	 4	203.750	0.721
22	 1	 5	202.809	0.783
22	 1	 6	201.851	0.757
22	 1	 7	200.811	0.726
22	 2	 0	207.682	0.384
22	 2	 1	206.551	0.356
22	 2	 2	205.680	0.841
22	 2	 3	204.627	0.767
22	 2	 4	203.724	0.769
22	 2	 5	202.700	0.774
22	 2	 6	201.815	0.804
22	 2	 7	200.875	0.857
22	 3	 0	207.644	0.394
22	 3	 1	206.632	0.356
22	 3	 2	205.646	0.835
22	 3	 3	204.615	0.833
22	 3	 4	203.722	0.875
22	 3	 5	202.747	0.883
22	 3	 6	201.854	0.855
22	 3	 7	200.797	0.850
22	 4	 0	207.668	0.347
22	 4	 1	206.611	0.342
22	 4	 2	205.667	0.905
22	 4	 3	204.601	0.878
22	 4	 4	203.760	0.966
22	 4	 5	202.758	0.845
22	 4	 6	201.815	0.921
22	 4	 7	200.732	0.929
22	 5	 0	207.631	0.353
22	 5	 1	206.662	0.349
22	 5	 2	205.618	0.872
22	 5	 3	204.584	0.877
22	 5	 4	203.780	0.892
22	 5	 5	202.705	0.845
22	 5	 6	201.785	0.921
22	 5	 7	200.795	0.910
22	 6	 0	207.608	0.367
22	 6	 1	206.554	1.006
22	 6	 2	205.629	0.860
22	 6	 3	204.560	0.924
22	 6	 4	203.713	0.904
22	 6	 5	202.715	0.880
22	 6	 6	201.848	0.961
22	 6	 7	200.815	0.900
22	 7	 0	207.662	0.335
22	 7	 1	206.603	0.910
22	 7	 2	205.665	0.890
22	 7	 3	204.594	0.896
22	 7	 4	203.764	0.865
22	 7	 5	202.688	0.854
22	 7	 6	201.800	0.879
22	 7	 7	200.871	0.909
23	 0	 0	225.651	0.475
23	 0	 1	224.646	0.506
23	 0	 2	223.645	0.875
23	 0	 3	222.635	0.791
23	 0	 4	221.718	0.842
23	 0	 5	220.610	0.791
23	 0	 6	219.698	0.772
23	 0	 7	218.702	0.794
23	 1	 0	225.657	0.436
23	 1	 1	224.573	0.422
23	 1	 2	223.680	1.045
23	 1	 3	222.578	0.993
23	 1	 4	221.675	0.980
23	 1	 5	220.640	0.840
23	 1	 6	219.623	0.918
23	 1	 7	218.650	0.932
23	 2	 0	225.605	0.376
23	 2	 1	224.651	0.403
23	 2	 2	223.556	1.076
23	 2	 3	222.625	1.072
23	 2	 4	221.669	1.098
23	 2	 5	220.570	1.106
23	 2	 6	219.630	1.126
23	 2	 7	218.621	1.147
23	 3	 0	225.628	0.404
23	 3	 1	224.584	0.385
23	 3	 2	223.618	1.249
23	 3	 3	222.582	1.190
23	 3	 4	221.644	1.180
23	 3	 5	220.565	1.206
23	 3	 6	219.602	1.173
23	 3	 7	218.658	1.228
23	 4	 0	225.577	0.365
23	 4	 1	224.510	0.396
23	 4	 2	223.608	1.339
23	 4	 3	222.512	1.317
23	 4	 4	221.670	1.364
23	 4	 5	220.600	1.236
23	 4	 6	219.688	1.279
23	 4	 7	218.610	1.219
23	 5	 0	225.633	0.362
23	 5	 1	224.521	0.365
23	 5	 2	223.593	1.339
23	 5	 3	222.512	1.217
23	 5	 4	221.701	1.328
23	 5	 5	220.512	1.327
23	 5	 6	219.590	1.298
23	 5	 7	218.567	1.247
23	 6	 0	225.566	0.368
23	 6	 1	224.563	1.422
23	 6	 2	223.572	1.258
23	 6	 3	222.535	1.250
23	 6	 4	221.589	1.268
23	 6	 5	220.557	1.353
23	 6	 6	219.615	1.245
23	 6	 7	218.576	1.144
23	 7	 0	225.632	0.358
23	 7	 1	224.527	1.281
23	 7	 2	223.589	1.290
23	 7	 3	222.535	1.203
23	 7	 4	221.613	1.274
23	 7	 5	220.583	1.156
23	 7	 6	219.540	1.291
23	 7	 7	218.603	1.126
24	 0	 0	224.370	0.492
24	 0	 1	223.331	0.460
24	 0	 2	222.333	0.748
24	 0	 3	221.386	0.716
24	 0	 4	220.464	0.759
24	 0	 5	219.429	0.711
24	 0	 6	218.519	0.665
24	 0	 7	217.487	0.692
24	 1	 0	224.343	0.420
24	 1	 1	223.277	0.429
24	 1	 2	222.336	0.883
24	 1	 3	221.292	0.882
24	 1	 4	220.463	0.738
24	 1	 5	219.385	0.814
24	 1	 6	218.460	0.786
24	 1	 7	217.496	0.744
24	 2	 0	224.322	0.377
24	 2	 1	223.303	0.390
24	 2	 2	222.318	0.925
24	 2	 3	221.269	0.954
24	 2	 4	220.362	1.005
24	 2	 5	219.347	0.903
24	 2	 6	218.424	0.807
24	 2	 7	217.460	0.879
24	 3	 0	224.318	0.376
24	 3	 1	223.267	0.368
24	 3	 2	222.299	1.053
24	 3	 3	221.296	0.973
24	 3	 4	220.383	1.067
24	 3	 5	219.319	1.001
24	 3	 6	218.356	1.005
24	 3	 7	217.497	0.949
24	 4	 0	224.339	0.357
24	 4	 1	223.263	0.355
24	 4	 2	222.308	1.149
24	 4	 3	221.220	1.077
24	 4	 4	220.316	1.136
24	 4	 5	219.277	1.060
24	 4	 6	218.374	1.031
24	 4	 7	217.422	0.935
24	 5	 0	224.318	0.365
24	 5	 1	223.261	0.373
24	 5	 2	222.286	1.113
24	 5	 3	221.302	1.045
24	 5	 4	220.370	1.072
24	 5	 5	219.191	1.084
24	 5	 6	218.393	1.056
24	 5	 7	217.369	0.993
24	 6	 0	224.324	0.381
24	 6	 1	223.156	1.192
24	 6	 2	222.276	1.129
24	 6	 3	221.202	1.057
24	 6	 4	220.334	1.086
24	 6	 5	219.276	1.078
24	 6	 6	218.404	1.047
24	 6	 7	217.413	1.016
24	 7	 0	224.316	0.385
24	 7	 1	223.187	1.113
24	 7	 2	222.246	1.105
24	 7	 3	221.267	1.029
24	 7	 4	220.301	1.113
24	 7	 5	219.273	1.070
24	 7	 6	218.374	0.999
24	 7	 7	217.449	0.985
25	 0	 0	218.086	0.441
25	 0	 1	217.068	0.435
25	 0	 2	216.161	0.682
25	 0	 3	215.058	0.637
25	 0	 4	214.207	0.651
25	 0	 5	213.219	0.703
25	 0	 6	212.285	0.669
25	 0	 7	211.197	0.615
25	 1	 0	218.058	0.343
25	 1	 1	217.091	0.382
25	 1	 2	216.181	0.746
25	 1	 3	215.116	0.724
25	 1	 4	214.229	0.746
25	 1	 5	213.229	0.676
25	 1	 6	212.308	0.687
25	 1	 7	211.237	0.691
25	 2	 0	218.037	0.321
25	 2	 1	217.091	0.353
25	 2	 2	216.218	0.779
25	 2	 3	215.039	0.812
25	 2	 4	214.245	0.795
25	 2	 5	213.220	0.744
25	 2	 6	212.259	0.754
25	 2	 7	211.174	0.778
25	 3	 0	218.063	0.349
25	 3	 1	216.995	0.336
25	 3	 2	216.155	0.901
25	 3	 3	215.069	0.755
25	 3	 4	214.218	0.844
25	 3	 5	213.197	0.823
25	 3	 6	212.354	0.792
25	 3	 7	211.179	0.827
25	 4	 0	218.057	0.308
25	 4	 1	217.022	0.350
25	 4	 2	216.143	0.866
25	 4	 3	215.073	0.833
25	 4	 4	214.197	0.797
25	 4	 5	213.260	0.815
25	 4	 6	212.289	0.756
25	 4	 7	211.224	0.761
25	 5	 0	218.026	0.333
25	 5	 1	217.029	0.320
25	 5	 2	216.148	0.902
25	 5	 3	215.110	0.845
25	 5	 4	214.200	0.859
25	 5	 5	213.197	0.818
25	 5	 6	212.261	0.790
25	 5	 7	211.114	0.811
25	 6	 0	218.078	0.345
25	 6	 1	217.094	0.928
25	 6	 2	216.205	0.932
25	 6	 3	215.071	0.840
25	 6	 4	214.242	0.890
25	 6	 5	213.176	0.823
25	 6	 6	212.254	0.823
25	 6	 7	211.189	0.815
25	 7	 0	218.082	0.302
25	 7	 1	217.064	0.816
25	 7	 2	216.203	0.817
25	 7	 3	215.062	0.840
25	 7	 4	214.232	0.839
25	 7	 5	213.180	0.829
25	 7	 6	212.237	0.810
25	 7	 7	211.169	0.841
26	 0	 0	221.527	0.408
26	 0	 1	220.510	0.416
26	 0	 2	219.622	0.556
26	 0	 3	218.575	0.523
26	 0	 4	217.694	0.596
26	 0	 5	216.695	0.612
26	 0	 6	215.822	0.658
26	 0	 7	214.636	0.624
26	 1	 0	221.509	0.341
26	 1	 1	220.434	0.354
26	 1	 2	219.602	0.618
26	 1	 3	218.574	0.580
26	 1	 4	217.775	0.659
26	 1	 5	216.709	0.664
26	 1	 6	215.717	0.613
26	 1	 7	214.668	0.600
26	 2	 0	221.594	0.335
26	 2	 1	220.502	0.358
26	 2	 2	219.526	0.640
26	 2	 3	218.535	0.636
26	 2	 4	217.652	0.691
26	 2	 5	216.639	0.624
26	 2	 6	215.735	0.694
26	 2	 7	214.570	0.673
26	 3	 0	221.529	0.331
26	 3	 1	220.508	0.334
26	 3	 2	219.606	0.689
26	 3	 3	218.523	0.618
26	 3	 4	217.734	0.692
26	 3	 5	216.618	0.740
26	 3	 6	215.703	0.805
26	 3	 7	214.638	0.725
26	 4	 0	221.551	0.327
26	 4	 1	220.421	0.329
26	 4	 2	219.563	0.711
26	 4	 3	218.498	0.670
26	 4	 4	217.756	0.767
26	 4	 5	216.640	0.800
26	 4	 6	215.667	0.776
26	 4	 7	214.571	0.781
26	 5	 0	221.563	0.302
26	 5	 1	220.452	0.317
26	 5	 2	219.536	0.713
26	 5	 3	218.526	0.680
26	 5	 4	217.664	0.789
26	 5	 5	216.655	0.827
26	 5	 6	215.660	0.766
26	 5	 7	214.607	0.764
26	 6	 0	221.508	0.339
26	 6	 1	220.476	0.698
26	 6	 2	219.562	0.728
26	 6	 3	218.484	0.703
26	 6	 4	217.636	0.731
26	 6	 5	216.600	0.674
26	 6	 6	215.654	0.729
26	 6	 7	214.672	0.749
26	 7	 0	221.460	0.326
26	 7	 1	220.402	0.703
26	 7	 2	219.524	0.625
26	 7	 3	218.491	0.651
26	 7	 4	217.654	0.766
26	 7	 5	216.631	0.722
26	 7	 6	215.668	0.754
26	 7	 7	214.650	0.694
27	 0	 0	225.632	0.351
27	 0	 1	224.540	0.364
27	 0	 2	223.509	0.489
27	 0	 3	222.452	0.499
27	 0	 4	221.496	0.507
27	 0	 5	220.528	0.478
27	 0	 6	219.557	0.461
27	 0	 7	218.475	0.449
27	 1	 0	225.610	0.314
27	 1	 1	224.537	0.315
27	 1	 2	223.525	0.526
27	 1	 3	222.414	0.507
27	 1	 4	221.500	0.499
27	 1	 5	220.476	0.497
27	 1	 6	219.579	0.512
27	 1	 7	218.480	0.465
27	 2	 0	225.587	0.294
27	 2	 1	224.484	0.312
27	 2	 2	223.417	0.552
27	 2	 3	222.419	0.520
27	 2	 4	221.494	0.536
27	 2	 5	220.468	0.533
27	 2	 6	219.473	0.540
27	 2	 7	218.436	0.508
27	 3	 0	225.601	0.301
27	 3	 1	224.479	0.309
27	 3	 2	223.460	0.544
27	 3	 3	222.458	0.565
27	 3	 4	221.516	0.556
27	 3	 5	220.483	0.532
27	 3	 6	219.489	0.534
27	 3	 7	218.419	0.544
27	 4	 0	225.591	0.309
27	 4	 1	224.512	0.298
27	 4	 2	223.499	0.554
27	 4	 3	222.417	0.551
27	 4	 4	221.500	0.551
27	 4	 5	220.482	0.569
27	 4	 6	219.447	0.517
27	 4	 7	218.414	0.556
27	 5	 0	225.589	0.298
27	 5	 1	224.493	0.287
27	 5	 2	223.462	0.521
27	 5	 3	222.390	0.599
27	 5	 4	221.478	0.601
27	 5	 5	220.501	0.620
27	 5	 6	219.492	0.600
27	 5	 7	218.444	0.525
27	 6	 0	225.577	0.294
27	 6	 1	224.449	0.558
27	 6	 2	223.466	0.585
27	 6	 3	222.354	0.612
27	 6	 4	221.480	0.550
27	 6	 5	220.492	0.591
27	 6	 6	219.469	0.524
27	 6	 7	218.420	0.531
27	 7	 0	225.538	0.305
27	 7	 1	224.476	0.565
27	 7	 2	223.450	0.584
27	 7	 3	222.365	0.557
27	 7	 4	221.481	0.534
27	 7	 5	220.536	0.552
27	 7	 6	219.426	0.539
27	 7	 7	218.419	0.536
28	 0	 0	223.606	0.351
28	 0	 1	222.528	0.380
28	 0	 2	221.597	0.473
28	 0	 3	220.592	0.486
28	 0	 4	219.652	0.478
28	 0	 5	218.628	0.478
28	 0	 6	217.726	0.480
28	 0	 7	216.623	0.479
28	 1	 0	223.584	0.327
28	 1	 1	222.506	0.316
28	 1	 2	221.546	0.506
28	 1	 3	220.524	0.465
28	 1	 4	219.612	0.512
28	 1	 5	218.609	0.513
28	 1	 6	217.664	0.503
28	 1	 7	216.630	0.506
28	 2	 0	223.558	0.316
28	 2	 1	222.489	0.323
28	 2	 2	221.542	0.534
28	 2	 3	220.514	0.510
28	 2	 4	219.574	0.514
28	 2	 5	218.610	0.490
28	 2	 6	217.650	0.515
28	 2	 7	216.587	0.525
28	 3	 0	223.557	0.318
28	 3	 1	222.543	0.304
28	 3	 2	221.557	0.557
28	 3	 3	220.489	0.558
28	 3	 4	219.615	0.550
28	 3	 5	218.571	0.520
28	 3	 6	217.575	0.509
28	 3	 7	216.633	0.597
28	 4	 0	223.543	0.297
28	 4	 1	222.536	0.300
28	 4	 2	221.481	0.570
28	 4	 3	220.518	0.523
28	 4	 4	219.491	0.551
28	 4	 5	218.558	0.546
28	 4	 6	217.575	0.537
28	 4	 7	216.611	0.548
28	 5	 0	223.568	0.300
28	 5	 1	222.526	0.306
28	 5	 2	221.505	0.560
28	 5	 3	220.551	0.573
28	 5	 4	219.568	0.568
28	 5	 5	218.554	0.509
28	 5	 6	217.584	0.562
28	 5	 7	216.570	0.540
28	 6	 0	223.522	0.306
28	 6	 1	222.437	0.548
28	 6	 2	221.540	0.554
28	 6	 3	220.502	0.541
28	 6	 4	219.546	0.563
28	 6	 5	218.554	0.535
28	 6	 6	217.559	0.525
28	 6	 7	216.594	0.576
28	 7	 0	223.562	0.310
28	 7	 1	222.502	0.588
28	 7	 2	221.545	0.532
28	 7	 3	220.485	0.513
28	 7	 4	219.595	0.555
28	 7	 5	218.565	0.521
28	 7	 6	217.615	0.564
28	 7	 7	216.586	0.555
29	 0	 0	213.209	0.328
29	 0	 1	212.136	0.382
29	 0	 2	211.242	0.490
29	 0	 3	210.189	0.470
29	 0	 4	209.200	0.473
29	 0	 5	208.168	0.458
29	 0	 6	207.291	0.481
29	 0	 7	206.132	0.461
29	 1	 0	213.204	0.343
29	 1	 1	212.116	0.292
29	 1	 2	211.231	0.508
29	 1	 3	210.178	0.509
29	 1	 4	209.253	0.437
29	 1	 5	208.175	0.478
29	 1	 6	207.261	0.461
29	 1	 7	206.199	0.473
29	 2	 0	213.133	0.284
29	 2	 1	212.114	0.322
29	 2	 2	211.219	0.489
29	 2	 3	210.186	0.497
29	 2	 4	209.289	0.486
29	 2	 5	208.170	0.497
29	 2	 6	207.293	0.489
29	 2	 7	206.133	0.509
29	 3	 0	213.148	0.310
29	 3	 1	212.111	0.323
29	 3	 2	211.279	0.522
29	 3	 3	210.201	0.484
29	 3	 4	209.288	0.499
29	 3	 5	208.160	0.509
29	 3	 6	207.298	0.501
29	 3	 7	206.193	0.509
29	 4	 0	213.173	0.301
29	 4	 1	212.120	0.308
29	 4	 2	211.259	0.508
29	 4	 3	210.143	0.518
29	 4	 4	209.270	0.540
29	 4	 5	208.194	0.489
29	 4	 6	207.244	0.466
29	 4	 7	206.214	0.512
29	 5	 0	213.151	0.278
29	 5	 1	212.099	0.295
29	 5	 2	211.238	0.481
29	 5	 3	210.150	0.503
29	 5	 4	209.275	0.513
29	 5	 5	208.192	0.520
29	 5	 6	207.231	0.496
29	 5	 7	206.192	0.524
29	 6	 0	213.098	0.266
29	 6	 1	212.105	0.559
29	 6	 2	211.288	0.452
29	 6	 3	210.188	0.490
29	 6	 4	209.222	0.452
29	 6	 5	208.190	0.467
29	 6	 6	207.276	0.494
29	 6	 7	206.212	0.513
29	 7	 0	213.201	0.310
29	 7	 1	212.112	0.542
29	 7	 2	211.232	0.504
29	 7	 3	210.146	0.527
29	 7	 4	209.233	0.475
29	 7	 5	208.136	0.546
29	 7	 6	207.249	0.479
29	 7	 7	206.170	0.528
30	 0	 0	218.291	0.326
30	 0	 1	217.252	0.332
30	 0	 2	216.275	0.441
30	 0	 3	215.187	0.428
30	 0	 4	214.306	0.429
30	 0	 5	213.240	0.443
30	 0	 6	212.269	0.403
30	 0	 7	211.244	0.396
30	 1	 0	218.304	0.299
30	 1	 1	217.218	0.295
30	 1	 2	216.345	0.435
30	 1	 3	215.202	0.414
30	 1	 4	214.292	0.410
30	 1	 5	213.278	0.401
30	 1	 6	212.372	0.410
30	 1	 7	211.242	0.442
30	 2	 0	218.300	0.279
30	 2	 1	217.184	0.297
30	 2	 2	216.342	0.410
30	 2	 3	215.130	0.447
30	 2	 4	214.343	0.409
30	 2	 5	213.294	0.400
30	 2	 6	212.335	0.421
30	 2	 7	211.238	0.426
30	 3	 0	218.280	0.272
30	 3	 1	217.190	0.282
30	 3	 2	216.312	0.461
30	 3	 3	215.193	0.441
30	 3	 4	214.337	0.429
30	 3	 5	213.242	0.441
30	 3	 6	212.370	0.410
30	 3	 7	211.164	0.426
30	 4	 0	218.252	0.282
30	 4	 1	217.221	0.303
30	 4	 2	216.348	0.437
30	 4	 3	215.174	0.451
30	 4	 4	214.289	0.409
30	 4	 5	213.216	0.423
30	 4	 6	212.311	0.426
30	 4	 7	211.205	0.456
30	 5	 0	218.260	0.279
30	 5	 1	217.189	0.282
30	 5	 2	216.357	0.436
30	 5	 3	215.226	0.472
30	 5	 4	214.285	0.452
30	 5	 5	213.254	0.412
30	 5	 6	212.272	0.437
30	 5	 7	211.206	0.438
30	 6	 0	218.263	0.293
30	 6	 1	217.252	0.463
30	 6	 2	216.292	0.441
30	 6	 3	215.173	0.445
30	 6	 4	214.306	0.444
30	 6	 5	213.215	0.446
30	 6	 6	212.267	0.436
30	 6	 7	211.157	0.464
30	 7	 0	218.293	0.288
30	 7	 1	217.297	0.432
30	 7	 2	216.266	0.390
30	 7	 3	215.144	0.441
30	 7	 4	214.263	0.473
30	 7	 5	213.247	0.410
30	 7	 6	212.326	0.422
30	 7	 7	211.216	0.445
31	 0	 0	215.643	0.362
31	 0	 1	214.530	0.337
31	 0	 2	213.604	0.413
31	 0	 3	212.592	0.383
31	 0	 4	211.641	0.421
31	 0	 5	210.610	0.405
31	 0	 6	209.657	0.418
31	 0	 7	208.549	0.415
31	 1	 0	215.640	0.312
31	 1	 1	214.572	0.320
31	 1	 2	213.640	0.382
31	 1	 3	212.585	0.407
31	 1	 4	211.632	0.400
31	 1	 5	210.574	0.428
31	 1	 6	209.638	0.426
31	 1	 7	208.545	0.403
31	 2	 0	215.609	0.297
31	 2	 1	214.584	0.300
31	 2	 2	213.626	0.409
31	 2	 3	212.562	0.421
31	 2	 4	211.591	0.413
31	 2	 5	210.573	0.433
31	 2	 6	209.618	0.408
31	 2	 7	208.515	0.399
31	 3	 0	215.618	0.313
31	 3	 1	214.556	0.311
31	 3	 2	213.557	0.444
31	 3	 3	212.554	0.417
31	 3	 4	211.581	0.427
31	 3	 5	210.573	0.406
31	 3	 6	209.590	0.389
31	 3	 7	208.468	0.412
31	 4	 0	215.574	0.300
31	 4	 1	214.549	0.290
31	 4	 2	213.605	0.416
31	 4	 3	212.561	0.390
31	 4	 4	211.644	0.458
31	 4	 5	210.563	0.422
31	 4	 6	209.612	0.413
31	 4	 7	208.467	0.420
31	 5	 0	215.606	0.289
31	 5	 1	214.538	0.297
31	 5	 2	213.599	0.438
31	 5	 3	212.531	0.438
31	 5	 4	211.600	0.452
31	 5	 5	210.547	0.430
31	 5	 6	209.599	0.422
31	 5	 7	208.492	0.431
31	 6	 0	215.619	0.295
31	 6	 1	214.530	0.432
31	 6	 2	213.595	0.417
31	 6	 3	212.579	0.454
31	 6	 4	211.627	0.412
31	 6	 5	210.526	0.427
31	 6	 6	209.562	0.427
31	 6	 7	208.494	0.431
31	 7	 0	215.630	0.304
31	 7	 1	214.531	0.414
31	 7	 2	213.593	0.400
31	 7	 3	212.567	0.423
31	 7	 4	211.598	0.436
31	 7	 5	210.579	0.408
31	 7	 6	209.562	0.448
31	 7	 7	208.472	0.403
