ch	pt	m	q
 0	 0	0.2243	114.3463
 0	 1	0.1981	118.0157
 0	 2	0.2662	108.4333
 0	 3	0.2301	113.5002
 0	 4	0.3088	102.5836
 0	 5	0.3207	100.8939
 0	 6	0.2842	106.0361
 0	 7	0.2599	109.4366
 1	 0	0.1838	118.2536
 1	 1	0.1849	118.0891
 1	 2	0.1853	117.9998
 1	 3	0.1903	117.2990
 1	 4	0.2327	111.0273
 1	 5	0.2234	112.4903
 1	 6	0.2391	110.0912
 1	 7	0.1970	116.4393
 2	 0	0.1800	119.0890
 2	 1	0.1917	117.3789
 2	 2	0.2072	115.0654
 2	 3	0.2154	113.8804
 2	 4	0.2356	111.0218
 2	 5	0.2562	108.0207
 2	 6	0.2505	108.7977
 2	 7	0.2028	115.9308
 3	 0	0.1754	121.1240
 3	 1	0.1899	119.0835
 3	 2	0.1991	117.7700
 3	 3	0.1919	118.8221
 3	 4	0.2419	111.8662
 3	 5	0.2077	116.7565
 3	 6	0.2248	114.3298
 3	 7	0.1989	117.9990
 4	 0	0.2613	109.9843
 4	 1	0.2145	116.4372
 4	 2	0.2203	115.5676
 4	 3	0.2278	114.6377
 4	 4	0.2526	111.3478
 4	 5	0.2409	113.0003
 4	 6	0.2690	109.1031
 4	 7	0.2625	109.9786
 5	 0	0.2439	118.0636
 5	 1	0.2131	121.5439
 5	 2	0.2180	120.9839
 5	 3	0.2319	119.4381
 5	 4	0.2615	116.1649
 5	 5	0.2513	117.4258
 5	 6	0.2548	116.9531
 5	 7	0.2426	118.3778
 6	 0	0.2401	105.4784
 6	 1	0.1957	112.9667
 6	 2	0.2123	110.1346
 6	 3	0.2253	108.0142
 6	 4	0.2656	101.3264
 6	 5	0.2436	105.1305
 6	 6	0.2573	102.7695
 6	 7	0.2291	107.5284
 7	 0	0.2427	104.5255
 7	 1	0.2196	108.5086
 7	 2	0.2236	107.8002
 7	 3	0.2457	104.0735
 7	 4	0.2681	100.3656
 7	 5	0.2534	102.9046
 7	 6	0.2571	102.2724
 7	 7	0.2432	104.6132
 8	 0	0.2397	118.7021
 8	 1	0.2150	121.5134
 8	 2	0.2446	118.1028
 8	 3	0.2253	120.3587
 8	 4	0.2650	115.8599
 8	 5	0.2773	114.5434
 8	 6	0.2709	115.2381
 8	 7	0.2568	116.8224
 9	 0	0.2302	110.7109
 9	 1	0.2013	115.1270
 9	 2	0.2150	112.9978
 9	 3	0.2399	109.2427
 9	 4	0.2621	105.9512
 9	 5	0.2444	108.6593
 9	 6	0.2412	109.1552
 9	 7	0.2350	110.1099
10	 0	0.2190	121.4163
10	 1	0.2107	122.3407
10	 2	0.2232	120.8978
10	 3	0.2275	120.4896
10	 4	0.2619	116.7501
10	 5	0.2666	116.2660
10	 6	0.2689	115.9352
10	 7	0.2662	116.2796
11	 0	0.2520	111.1466
11	 1	0.2515	111.1655
11	 2	0.2520	111.1383
11	 3	0.2483	111.6805
11	 4	0.3018	104.3383
11	 5	0.2830	107.0213
11	 6	0.2969	105.0236
11	 7	0.2743	108.1799
12	 0	0.2421	112.4907
12	 1	0.2250	114.8327
12	 2	0.2354	113.3847
12	 3	0.2406	112.7187
12	 4	0.2731	108.2975
12	 5	0.2785	107.6072
12	 6	0.2771	107.7853
12	 7	0.2717	108.5076
13	 0	0.2055	117.1330
13	 1	0.2122	116.1755
13	 2	0.2037	117.3634
13	 3	0.2061	117.0511
13	 4	0.2468	111.4209
13	 5	0.2481	111.2842
13	 6	0.2406	112.3379
13	 7	0.2182	115.4646
14	 0	0.2020	120.9683
14	 1	0.2086	120.1376
14	 2	0.2135	119.5080
14	 3	0.2241	118.2852
14	 4	0.2336	117.1256
14	 5	0.2459	115.6985
14	 6	0.2250	118.2789
14	 7	0.2160	119.3737
15	 0	0.1983	116.9362
15	 1	0.1907	118.0679
15	 2	0.2069	115.6623
15	 3	0.2271	112.7194
15	 4	0.2242	113.2246
15	 5	0.2240	113.3434
15	 6	0.2269	112.8555
15	 7	0.2343	111.7794
16	 0	0.1824	119.8414
16	 1	0.1810	120.0223
16	 2	0.2108	115.7249
16	 3	0.2218	114.2064
16	 4	0.2272	113.4965
16	 5	0.2288	113.3892
16	 6	0.2388	111.9409
16	 7	0.2332	112.6945
17	 0	0.1574	121.0925
17	 1	0.1681	119.4065
17	 2	0.1566	121.1551
17	 3	0.1722	118.7712
17	 4	0.2057	113.6188
17	 5	0.2047	113.8332
17	 6	0.2081	113.2526
17	 7	0.1771	118.1460
18	 0	0.1989	120.3859
18	 1	0.2154	118.2624
18	 2	0.2273	116.7105
18	 3	0.2422	114.7986
18	 4	0.2686	111.5603
18	 5	0.2322	116.2820
18	 6	0.2699	111.4014
18	 7	0.2733	110.9530
19	 0	0.2294	108.8246
19	 1	0.2189	110.4951
19	 2	0.2349	107.9248
19	 3	0.2557	104.5827
19	 4	0.2944	98.4068
19	 5	0.2556	104.7528
19	 6	0.2739	101.7526
19	 7	0.2410	107.1195
20	 0	0.2289	108.3875
20	 1	0.2277	108.6245
20	 2	0.2140	110.8712
20	 3	0.2365	107.2056
20	 4	0.2895	98.7180
20	 5	0.2753	101.0293
20	 6	0.2590	103.7076
20	 7	0.2626	103.1232
21	 0	0.2081	113.8374
21	 1	0.2177	112.3838
21	 2	0.2362	109.4897
21	 3	0.2325	110.0966
21	 4	0.2650	105.2033
21	 5	0.2531	107.0708
21	 6	0.2553	106.7396
21	 7	0.2315	110.4441
22	 0	0.2294	101.6135
22	 1	0.2197	103.4310
22	 2	0.2185	103.6512
22	 3	0.2307	101.3200
22	 4	0.2560	96.5707
22	 5	0.2581	96.1498
22	 6	0.2656	94.7208
22	 7	0.2276	102.0911
23	 0	0.2440	114.2264
23	 1	0.2371	115.1348
23	 2	0.2403	114.7109
23	 3	0.2599	112.1983
23	 4	0.2855	108.9828
23	 5	0.2789	109.8739
23	 6	0.3022	106.8194
23	 7	0.2716	110.7251
24	 0	0.2401	114.6185
24	 1	0.2242	116.6701
24	 2	0.2526	112.9247
24	 3	0.2444	114.0542
24	 4	0.2648	111.4722
24	 5	0.2822	109.2689
24	 6	0.2879	108.5526
24	 7	0.2640	111.6294
25	 0	0.2326	109.6204
25	 1	0.1920	115.9625
25	 2	0.2076	113.4780
25	 3	0.2315	109.8175
25	 4	0.2462	107.6146
25	 5	0.2281	110.5092
25	 6	0.2437	108.0731
25	 7	0.2179	112.0426
26	 0	0.2147	114.9096
26	 1	0.2244	113.4421
26	 2	0.2315	112.4506
26	 3	0.2241	113.5785
26	 4	0.2515	109.6989
26	 5	0.2535	109.5087
26	 6	0.2777	105.9371
26	 7	0.2413	111.1975
27	 0	0.2324	115.6698
27	 1	0.2006	119.8084
27	 2	0.2251	116.5924
27	 3	0.2213	117.1492
27	 4	0.2950	107.6553
27	 5	0.2709	110.8251
27	 6	0.2574	112.6122
27	 7	0.2755	110.2351
28	 0	0.2098	117.2904
28	 1	0.2210	115.7516
28	 2	0.2004	118.5163
28	 3	0.2383	113.3886
28	 4	0.2530	111.5177
28	 5	0.2860	107.0916
28	 6	0.2757	108.4520
28	 7	0.2463	112.4837
29	 0	0.1679	117.2977
29	 1	0.1763	115.8709
29	 2	0.1947	112.7088
29	 3	0.2048	111.0126
29	 4	0.2465	104.1031
29	 5	0.2706	100.0078
29	 6	0.2012	111.8308
29	 7	0.2455	104.2540
30	 0	0.1568	121.1730
30	 1	0.1677	119.4300
30	 2	0.1603	120.5719
30	 3	0.1826	117.0849
30	 4	0.2155	112.0940
30	 5	0.2007	114.4472
30	 6	0.2051	113.7123
30	 7	0.1884	116.3149
31	 0	0.1316	123.0079
31	 1	0.1676	116.7390
31	 2	0.1553	118.8240
31	 3	0.2003	111.0478
31	 4	0.2372	104.7898
31	 5	0.2209	107.6192
31	 6	0.2109	109.3933
31	 7	0.1940	112.3015
