ch	pt	m	q
 0	 0	0.1605	107.8133
 0	 1	0.1213	114.1934
 0	 2	0.1381	111.4082
 0	 3	0.1786	104.8732
 0	 4	0.1736	105.7163
 0	 5	0.1466	109.9899
 0	 6	0.1442	110.3990
 0	 7	0.1546	108.7084
 1	 0	0.1328	115.7544
 1	 1	0.1438	114.3526
 1	 2	0.0986	120.3934
 1	 3	0.1388	114.9809
 1	 4	0.1537	113.0015
 1	 5	0.1334	115.6445
 1	 6	0.1487	113.5894
 1	 7	0.1453	114.0712
 2	 0	0.1385	114.8696
 2	 1	0.1417	114.5234
 2	 2	0.1292	116.1508
 2	 3	0.0877	121.8210
 2	 4	0.1217	117.2520
 2	 5	0.1165	117.8496
 2	 6	0.1174	117.7308
 2	 7	0.1261	116.5733
 3	 0	0.1510	112.0203
 3	 1	0.1300	115.1015
 3	 2	0.0999	119.3445
 3	 3	0.0986	119.5539
 3	 4	0.1207	116.4191
 3	 5	0.1109	117.7150
 3	 6	0.1152	117.1123
 3	 7	0.1234	115.9389
 4	 0	0.1782	107.4395
 4	 1	0.1563	110.7326
 4	 2	0.1387	113.2376
 4	 3	0.1156	116.6774
 4	 4	0.1346	113.8805
 4	 5	0.1015	118.6708
 4	 6	0.1313	114.2930
 4	 7	0.1172	116.3806
 5	 0	0.2176	104.5936
 5	 1	0.1665	111.4913
 5	 2	0.1469	114.0466
 5	 3	0.1154	118.2895
 5	 4	0.1553	112.9842
 5	 5	0.1459	114.1640
 5	 6	0.1077	119.2785
 5	 7	0.1340	115.7853
 6	 0	0.2177	112.2166
 6	 1	0.1870	115.3322
 6	 2	0.1365	120.2245
 6	 3	0.1370	120.2002
 6	 4	0.1298	120.9461
 6	 5	0.1021	123.5911
 6	 6	0.1427	119.5873
 6	 7	0.1450	119.3736
 7	 0	0.2255	102.6742
 7	 1	0.2050	105.5797
 7	 2	0.1767	109.3870
 7	 3	0.1524	112.7629
 7	 4	0.1481	113.3865
 7	 5	0.1336	115.2719
 7	 6	0.1442	113.8005
 7	 7	0.1518	112.7873
 8	 0	0.2027	109.1067
 8	 1	0.1872	111.0197
 8	 2	0.1569	114.6098
 8	 3	0.1692	113.1533
 8	 4	0.1621	114.0520
 8	 5	0.1532	115.0537
 8	 6	0.1391	116.7801
 8	 7	0.1724	112.7407
 9	 0	0.2161	104.7568
 9	 1	0.1830	109.2475
 9	 2	0.1347	115.6627
 9	 3	0.1396	115.0432
 9	 4	0.1445	114.4071
 9	 5	0.1516	113.3407
 9	 6	0.1538	113.0659
 9	 7	0.1941	107.6668
10	 0	0.2034	103.6551
10	 1	0.1757	107.8300
10	 2	0.1315	114.2886
10	 3	0.1639	109.5092
10	 4	0.1637	109.5722
10	 5	0.1623	109.7153
10	 6	0.1654	109.2415
10	 7	0.1769	107.5829
11	 0	0.2077	111.5656
11	 1	0.1718	115.4590
11	 2	0.1665	115.9525
11	 3	0.1668	115.9258
11	 4	0.1684	115.7943
11	 5	0.1631	116.2517
11	 6	0.1782	114.6537
11	 7	0.1843	114.0336
12	 0	0.1615	115.6116
12	 1	0.1513	116.8587
12	 2	0.1265	119.5646
12	 3	0.1387	118.2075
12	 4	0.1474	117.2801
12	 5	0.1543	116.4073
12	 6	0.1621	115.5406
12	 7	0.1781	113.7836
13	 0	0.1677	108.3772
13	 1	0.1325	113.8043
13	 2	0.1310	113.9246
13	 3	0.1278	114.4424
13	 4	0.1445	111.9600
13	 5	0.1498	111.0448
13	 6	0.1513	110.8413
13	 7	0.1610	109.3899
14	 0	0.1357	116.0499
14	 1	0.1111	119.3409
14	 2	0.1003	120.6420
14	 3	0.1442	114.9405
14	 4	0.1314	116.6135
14	 5	0.1267	117.1561
14	 6	0.1492	114.2220
14	 7	0.1560	113.4117
15	 0	0.1427	117.2239
15	 1	0.1072	121.4015
15	 2	0.1109	120.8937
15	 3	0.1473	116.7524
15	 4	0.1622	115.0710
15	 5	0.1448	116.9788
15	 6	0.1655	114.5963
15	 7	0.1618	115.0524
16	 0	0.1192	116.1876
16	 1	0.1532	111.2803
16	 2	0.1600	110.2174
16	 3	0.1744	108.1155
16	 4	0.1785	107.5487
16	 5	0.1747	108.0230
16	 6	0.2149	102.1426
16	 7	0.2006	104.2543
17	 0	0.1593	107.5514
17	 1	0.1479	109.5233
17	 2	0.1714	105.5595
17	 3	0.1460	109.7817
17	 4	0.1666	106.4270
17	 5	0.1688	105.9941
17	 6	0.1769	104.6115
17	 7	0.1850	103.3365
18	 0	0.1726	109.3589
18	 1	0.2106	104.0988
18	 2	0.1459	113.1140
18	 3	0.1511	112.4128
18	 4	0.1734	109.3288
18	 5	0.1658	110.2958
18	 6	0.1884	107.1176
18	 7	0.1952	106.1519
19	 0	0.1934	114.5196
19	 1	0.1947	114.4650
19	 2	0.1873	115.1174
19	 3	0.1721	116.6415
19	 4	0.1982	114.0955
19	 5	0.1878	115.0591
19	 6	0.2220	111.6573
19	 7	0.2051	113.3395
20	 0	0.1836	110.5902
20	 1	0.1824	110.8525
20	 2	0.1609	113.5401
20	 3	0.1514	114.6760
20	 4	0.1667	112.8163
20	 5	0.1626	113.2330
20	 6	0.1843	110.4798
20	 7	0.2146	106.7614
21	 0	0.2127	102.3679
21	 1	0.2008	104.1990
21	 2	0.1892	105.8049
21	 3	0.1909	105.5909
21	 4	0.1695	108.7997
21	 5	0.1721	108.3345
21	 6	0.2100	102.7435
21	 7	0.1956	104.8964
22	 0	0.2243	100.8571
22	 1	0.2035	103.9629
22	 2	0.1870	106.3108
22	 3	0.1766	107.8960
22	 4	0.1786	107.6304
22	 5	0.1744	108.1102
22	 6	0.1781	107.6004
22	 7	0.1902	105.8207
23	 0	0.2100	107.4570
23	 1	0.1888	110.1942
23	 2	0.1510	114.8577
23	 3	0.1581	113.9722
23	 4	0.1639	113.2533
23	 5	0.1530	114.5372
23	 6	0.1733	112.0398
23	 7	0.1619	113.4319
24	 0	0.2242	103.6706
24	 1	0.2028	106.6100
24	 2	0.1758	110.1470
24	 3	0.1732	110.5645
24	 4	0.1671	111.4051
24	 5	0.1740	110.3742
24	 6	0.1831	109.1459
24	 7	0.1654	111.5623
25	 0	0.2275	100.1245
25	 1	0.1939	105.1646
25	 2	0.1680	108.9238
25	 3	0.1653	109.3389
25	 4	0.1467	112.1116
25	 5	0.1678	108.8966
25	 6	0.1848	106.4093
25	 7	0.1781	107.4342
26	 0	0.2252	107.8073
26	 1	0.1892	112.2421
26	 2	0.1741	113.8883
26	 3	0.1705	114.3649
26	 4	0.1944	111.6991
26	 5	0.1886	112.3027
26	 6	0.1890	112.2813
26	 7	0.1962	111.2027
27	 0	0.1768	104.9513
27	 1	0.1447	110.2397
27	 2	0.1396	110.9998
27	 3	0.1519	109.0344
27	 4	0.1429	110.5226
27	 5	0.1588	107.8578
27	 6	0.1620	107.3278
27	 7	0.1610	107.5209
28	 0	0.1471	117.0737
28	 1	0.1494	116.9061
28	 2	0.1508	116.6864
28	 3	0.1529	116.4824
28	 4	0.1533	116.4525
28	 5	0.1532	116.3704
28	 6	0.1854	112.7366
28	 7	0.1771	113.6916
29	 0	0.1372	115.4256
29	 1	0.1435	114.6933
29	 2	0.1531	113.3222
29	 3	0.1367	115.5416
29	 4	0.1687	111.3158
29	 5	0.1477	114.0206
29	 6	0.1903	108.3783
29	 7	0.1968	107.5306
30	 0	0.1177	117.8245
30	 1	0.1220	117.3355
30	 2	0.1587	112.3080
30	 3	0.1485	113.7300
30	 4	0.1606	112.1331
30	 5	0.1455	114.0672
30	 6	0.1531	113.0379
30	 7	0.1574	112.4712
31	 0	0.1092	118.7934
31	 1	0.1454	113.9635
31	 2	0.1418	114.3475
31	 3	0.1435	114.1519
31	 4	0.1620	111.6529
31	 5	0.1441	114.0006
31	 6	0.1879	108.0366
31	 7	0.1737	110.0019
