ch	pt	fine_thr	a_fit	b_fit
 0	 0	 0	225.125	0.406
 0	 0	 1	224.052	0.394
 0	 0	 2	223.011	0.370
 0	 0	 3	221.971	0.376
 0	 0	 4	221.004	0.377
 0	 0	 5	219.923	0.400
 0	 0	 6	218.990	0.398
 0	 0	 7	217.903	0.427
 0	 1	 0	225.118	0.350
 0	 1	 1	224.031	0.283
 0	 1	 2	223.004	0.357
 0	 1	 3	221.957	0.334
 0	 1	 4	220.977	0.333
 0	 1	 5	219.867	0.303
 0	 1	 6	218.895	0.336
 0	 1	 7	217.896	0.337
 0	 2	 0	225.101	0.256
 0	 2	 1	223.978	0.302
 0	 2	 2	223.023	0.308
 0	 2	 3	221.915	0.275
 0	 2	 4	220.970	0.310
 0	 2	 5	219.844	0.295
 0	 2	 6	218.914	0.259
 0	 2	 7	217.811	0.389
 0	 3	 0	225.125	0.250
 0	 3	 1	223.994	0.369
 0	 3	 2	223.000	0.357
 0	 3	 3	221.883	0.329
 0	 3	 4	220.926	0.334
 0	 3	 5	219.809	0.296
 0	 3	 6	218.868	0.255
 0	 3	 7	217.734	0.320
 0	 4	 0	225.181	0.285
 0	 4	 1	223.978	0.383
 0	 4	 2	222.966	0.375
 0	 4	 3	221.893	0.289
 0	 4	 4	220.879	0.299
 0	 4	 5	219.766	0.252
 0	 4	 6	218.866	0.275
 0	 4	 7	217.787	0.334
 0	 5	 0	225.115	0.404
 0	 5	 1	223.994	0.405
 0	 5	 2	222.969	0.407
 0	 5	 3	221.795	0.260
 0	 5	 4	220.915	0.399
 0	 5	 5	219.810	0.229
 0	 5	 6	218.846	0.286
 0	 5	 7	217.790	0.289
 0	 6	 0	225.178	0.422
 0	 6	 1	224.037	0.473
 0	 6	 2	222.948	0.415
 0	 6	 3	221.809	0.300
 0	 6	 4	220.844	0.262
 0	 6	 5	219.777	0.218
 0	 6	 6	218.832	0.294
 0	 6	 7	217.832	0.349
 0	 7	 0	225.183	0.419
 0	 7	 1	224.008	0.500
 0	 7	 2	222.962	0.452
 0	 7	 3	221.750	0.274
 0	 7	 4	220.866	0.353
 0	 7	 5	219.769	0.250
 0	 7	 6	218.830	0.282
 0	 7	 7	217.811	0.313
 1	 0	 0	213.208	0.322
 1	 0	 1	212.108	0.446
 1	 0	 2	211.033	0.354
 1	 0	 3	209.993	0.378
 1	 0	 4	209.109	0.404
 1	 0	 5	207.975	0.376
 1	 0	 6	206.955	0.413
 1	 0	 7	205.984	0.430
 1	 1	 0	213.188	0.337
 1	 1	 1	212.068	0.327
 1	 1	 2	211.103	0.328
 1	 1	 3	210.014	0.319
 1	 1	 4	209.078	0.371
 1	 1	 5	207.912	0.333
 1	 1	 6	206.927	0.301
 1	 1	 7	205.871	0.412
 1	 2	 0	213.177	0.286
 1	 2	 1	212.060	0.324
 1	 2	 2	211.162	0.272
 1	 2	 3	210.003	0.338
 1	 2	 4	209.120	0.351
 1	 2	 5	207.951	0.273
 1	 2	 6	206.867	0.327
 1	 2	 7	205.825	0.440
 1	 3	 0	213.198	0.292
 1	 3	 1	212.098	0.296
 1	 3	 2	211.127	0.245
 1	 3	 3	209.962	0.329
 1	 3	 4	209.065	0.302
 1	 3	 5	207.950	0.273
 1	 3	 6	206.954	0.278
 1	 3	 7	205.808	0.448
 1	 4	 0	213.261	0.279
 1	 4	 1	212.134	0.315
 1	 4	 2	211.042	0.266
 1	 4	 3	209.919	0.261
 1	 4	 4	209.042	0.307
 1	 4	 5	207.953	0.274
 1	 4	 6	206.952	0.278
 1	 4	 7	205.849	0.427
 1	 5	 0	213.178	0.225
 1	 5	 1	212.092	0.251
 1	 5	 2	211.058	0.308
 1	 5	 3	209.943	0.267
 1	 5	 4	209.024	0.276
 1	 5	 5	207.981	0.279
 1	 5	 6	207.005	0.309
 1	 5	 7	205.810	0.395
 1	 6	 0	213.220	0.255
 1	 6	 1	212.068	0.257
 1	 6	 2	211.064	0.262
 1	 6	 3	209.959	0.329
 1	 6	 4	209.154	0.275
 1	 6	 5	207.959	0.327
 1	 6	 6	207.096	0.295
 1	 6	 7	205.824	0.366
 1	 7	 0	213.173	0.270
 1	 7	 1	212.089	0.298
 1	 7	 2	211.123	0.286
 1	 7	 3	210.002	0.323
 1	 7	 4	209.097	0.263
 1	 7	 5	207.948	0.306
 1	 7	 6	206.921	0.300
 1	 7	 7	205.784	0.386
 2	 0	 0	226.145	0.322
 2	 0	 1	225.001	0.419
 2	 0	 2	223.978	0.432
 2	 0	 3	222.787	0.425
 2	 0	 4	221.804	0.425
 2	 0	 5	220.669	0.409
 2	 0	 6	219.656	0.399
 2	 0	 7	218.534	0.417
 2	 1	 0	226.123	0.287
 2	 1	 1	225.007	0.368
 2	 1	 2	223.921	0.384
 2	 1	 3	222.779	0.355
 2	 1	 4	221.795	0.362
 2	 1	 5	220.630	0.350
 2	 1	 6	219.642	0.336
 2	 1	 7	218.541	0.379
 2	 2	 0	226.116	0.261
 2	 2	 1	224.989	0.307
 2	 2	 2	223.925	0.355
 2	 2	 3	222.805	0.346
 2	 2	 4	221.788	0.354
 2	 2	 5	220.599	0.303
 2	 2	 6	219.684	0.299
 2	 2	 7	218.560	0.385
 2	 3	 0	226.117	0.258
 2	 3	 1	224.987	0.307
 2	 3	 2	223.895	0.325
 2	 3	 3	222.770	0.336
 2	 3	 4	221.792	0.307
 2	 3	 5	220.641	0.292
 2	 3	 6	219.655	0.313
 2	 3	 7	218.558	0.380
 2	 4	 0	226.070	0.278
 2	 4	 1	225.044	0.286
 2	 4	 2	223.924	0.301
 2	 4	 3	222.773	0.327
 2	 4	 4	221.771	0.331
 2	 4	 5	220.612	0.275
 2	 4	 6	219.644	0.300
 2	 4	 7	218.581	0.382
 2	 5	 0	226.105	0.264
 2	 5	 1	225.007	0.325
 2	 5	 2	223.932	0.303
 2	 5	 3	222.749	0.322
 2	 5	 4	221.803	0.327
 2	 5	 5	220.622	0.279
 2	 5	 6	219.640	0.295
 2	 5	 7	218.527	0.374
 2	 6	 0	226.102	0.262
 2	 6	 1	224.971	0.271
 2	 6	 2	223.959	0.280
 2	 6	 3	222.752	0.328
 2	 6	 4	221.795	0.324
 2	 6	 5	220.582	0.272
 2	 6	 6	219.588	0.308
 2	 6	 7	218.553	0.358
 2	 7	 0	226.104	0.262
 2	 7	 1	224.949	0.305
 2	 7	 2	223.925	0.272
 2	 7	 3	222.800	0.291
 2	 7	 4	221.770	0.306
 2	 7	 5	220.639	0.265
 2	 7	 6	219.633	0.292
 2	 7	 7	218.549	0.347
 3	 0	 0	220.105	0.413
 3	 0	 1	219.134	0.401
 3	 0	 2	218.138	0.396
 3	 0	 3	217.045	0.493
 3	 0	 4	216.210	0.464
 3	 0	 5	215.078	0.435
 3	 0	 6	214.087	0.437
 3	 0	 7	213.011	0.514
 3	 1	 0	220.140	0.255
 3	 1	 1	219.073	0.338
 3	 1	 2	218.085	0.335
 3	 1	 3	217.024	0.416
 3	 1	 4	216.148	0.451
 3	 1	 5	215.024	0.377
 3	 1	 6	213.969	0.385
 3	 1	 7	212.991	0.594
 3	 2	 0	220.194	0.304
 3	 2	 1	219.091	0.297
 3	 2	 2	218.101	0.251
 3	 2	 3	216.963	0.414
 3	 2	 4	216.203	0.392
 3	 2	 5	215.093	0.255
 3	 2	 6	214.076	0.358
 3	 2	 7	213.021	0.660
 3	 3	 0	220.155	0.319
 3	 3	 1	219.078	0.285
 3	 3	 2	218.083	0.256
 3	 3	 3	217.019	0.376
 3	 3	 4	216.202	0.385
 3	 3	 5	215.052	0.305
 3	 3	 6	214.038	0.308
 3	 3	 7	212.948	0.608
 3	 4	 0	220.123	0.287
 3	 4	 1	219.032	0.310
 3	 4	 2	218.098	0.252
 3	 4	 3	216.982	0.411
 3	 4	 4	216.236	0.400
 3	 4	 5	215.012	0.273
 3	 4	 6	213.983	0.343
 3	 4	 7	212.868	0.608
 3	 5	 0	220.066	0.274
 3	 5	 1	218.957	0.334
 3	 5	 2	218.085	0.255
 3	 5	 3	216.968	0.405
 3	 5	 4	216.082	0.322
 3	 5	 5	215.005	0.273
 3	 5	 6	214.067	0.278
 3	 5	 7	212.934	0.591
 3	 6	 0	220.122	0.287
 3	 6	 1	219.091	0.250
 3	 6	 2	218.044	0.265
 3	 6	 3	217.071	0.378
 3	 6	 4	216.085	0.323
 3	 6	 5	215.020	0.272
 3	 6	 6	214.011	0.357
 3	 6	 7	212.904	0.594
 3	 7	 0	220.123	0.305
 3	 7	 1	219.068	0.322
 3	 7	 2	218.137	0.242
 3	 7	 3	217.026	0.362
 3	 7	 4	216.080	0.357
 3	 7	 5	215.055	0.265
 3	 7	 6	214.066	0.361
 3	 7	 7	212.945	0.552
 4	 0	 0	226.071	0.348
 4	 0	 1	224.926	0.501
 4	 0	 2	223.913	0.459
 4	 0	 3	222.758	0.497
 4	 0	 4	221.939	0.541
 4	 0	 5	220.751	0.470
 4	 0	 6	219.803	0.455
 4	 0	 7	218.742	0.526
 4	 1	 0	226.046	0.324
 4	 1	 1	224.936	0.405
 4	 1	 2	223.892	0.419
 4	 1	 3	222.761	0.436
 4	 1	 4	221.879	0.501
 4	 1	 5	220.726	0.392
 4	 1	 6	219.791	0.391
 4	 1	 7	218.669	0.487
 4	 2	 0	226.066	0.271
 4	 2	 1	224.832	0.374
 4	 2	 2	223.900	0.366
 4	 2	 3	222.747	0.425
 4	 2	 4	221.824	0.437
 4	 2	 5	220.760	0.354
 4	 2	 6	219.758	0.380
 4	 2	 7	218.687	0.554
 4	 3	 0	226.025	0.279
 4	 3	 1	224.869	0.353
 4	 3	 2	223.885	0.322
 4	 3	 3	222.784	0.397
 4	 3	 4	221.848	0.411
 4	 3	 5	220.730	0.324
 4	 3	 6	219.798	0.372
 4	 3	 7	218.700	0.546
 4	 4	 0	226.006	0.281
 4	 4	 1	224.824	0.289
 4	 4	 2	223.880	0.320
 4	 4	 3	222.741	0.381
 4	 4	 4	221.816	0.411
 4	 4	 5	220.748	0.290
 4	 4	 6	219.749	0.354
 4	 4	 7	218.665	0.476
 4	 5	 0	226.006	0.281
 4	 5	 1	224.849	0.275
 4	 5	 2	223.853	0.297
 4	 5	 3	222.714	0.394
 4	 5	 4	221.848	0.373
 4	 5	 5	220.696	0.308
 4	 5	 6	219.820	0.374
 4	 5	 7	218.652	0.526
 4	 6	 0	225.977	0.309
 4	 6	 1	224.863	0.280
 4	 6	 2	223.821	0.299
 4	 6	 3	222.726	0.398
 4	 6	 4	221.788	0.380
 4	 6	 5	220.716	0.285
 4	 6	 6	219.777	0.363
 4	 6	 7	218.635	0.480
 4	 7	 0	225.961	0.308
 4	 7	 1	224.853	0.298
 4	 7	 2	223.814	0.296
 4	 7	 3	222.744	0.376
 4	 7	 4	221.828	0.351
 4	 7	 5	220.686	0.304
 4	 7	 6	219.780	0.355
 4	 7	 7	218.583	0.456
 5	 0	 0	224.279	0.441
 5	 0	 1	223.052	0.544
 5	 0	 2	222.104	0.551
 5	 0	 3	220.874	0.570
 5	 0	 4	220.003	0.628
 5	 0	 5	218.879	0.509
 5	 0	 6	217.916	0.512
 5	 0	 7	216.862	0.620
 5	 1	 0	224.197	0.378
 5	 1	 1	223.000	0.472
 5	 1	 2	222.066	0.491
 5	 1	 3	220.836	0.509
 5	 1	 4	219.959	0.620
 5	 1	 5	218.868	0.480
 5	 1	 6	217.901	0.469
 5	 1	 7	216.800	0.694
 5	 2	 0	224.269	0.363
 5	 2	 1	223.050	0.404
 5	 2	 2	222.031	0.416
 5	 2	 3	220.870	0.509
 5	 2	 4	219.921	0.537
 5	 2	 5	218.869	0.392
 5	 2	 6	217.904	0.468
 5	 2	 7	216.795	0.757
 5	 3	 0	224.194	0.304
 5	 3	 1	223.021	0.387
 5	 3	 2	222.048	0.364
 5	 3	 3	220.835	0.507
 5	 3	 4	219.980	0.486
 5	 3	 5	218.875	0.363
 5	 3	 6	217.935	0.443
 5	 3	 7	216.813	0.799
 5	 4	 0	224.169	0.303
 5	 4	 1	223.055	0.341
 5	 4	 2	222.023	0.408
 5	 4	 3	220.847	0.485
 5	 4	 4	219.997	0.511
 5	 4	 5	218.826	0.350
 5	 4	 6	217.977	0.447
 5	 4	 7	216.776	0.713
 5	 5	 0	224.184	0.332
 5	 5	 1	223.003	0.324
 5	 5	 2	222.045	0.334
 5	 5	 3	220.859	0.489
 5	 5	 4	219.945	0.469
 5	 5	 5	218.881	0.333
 5	 5	 6	217.929	0.405
 5	 5	 7	216.753	0.671
 5	 6	 0	224.182	0.326
 5	 6	 1	222.998	0.306
 5	 6	 2	222.027	0.364
 5	 6	 3	220.841	0.486
 5	 6	 4	219.926	0.431
 5	 6	 5	218.874	0.241
 5	 6	 6	217.978	0.437
 5	 6	 7	216.813	0.741
 5	 7	 0	224.176	0.320
 5	 7	 1	222.969	0.310
 5	 7	 2	222.044	0.319
 5	 7	 3	220.800	0.416
 5	 7	 4	220.013	0.444
 5	 7	 5	218.830	0.331
 5	 7	 6	217.936	0.473
 5	 7	 7	216.752	0.629
 6	 0	 0	216.494	0.442
 6	 0	 1	215.288	0.552
 6	 0	 2	214.350	0.508
 6	 0	 3	213.214	0.547
 6	 0	 4	212.389	0.613
 6	 0	 5	211.185	0.594
 6	 0	 6	210.212	0.564
 6	 0	 7	209.038	0.666
 6	 1	 0	216.416	0.365
 6	 1	 1	215.292	0.448
 6	 1	 2	214.364	0.436
 6	 1	 3	213.235	0.536
 6	 1	 4	212.260	0.588
 6	 1	 5	211.186	0.517
 6	 1	 6	210.148	0.561
 6	 1	 7	208.976	0.838
 6	 2	 0	216.392	0.338
 6	 2	 1	215.277	0.430
 6	 2	 2	214.338	0.386
 6	 2	 3	213.195	0.586
 6	 2	 4	212.300	0.530
 6	 2	 5	211.244	0.450
 6	 2	 6	210.157	0.510
 6	 2	 7	208.982	0.957
 6	 3	 0	216.375	0.337
 6	 3	 1	215.318	0.384
 6	 3	 2	214.352	0.421
 6	 3	 3	213.226	0.569
 6	 3	 4	212.273	0.555
 6	 3	 5	211.146	0.477
 6	 3	 6	210.152	0.496
 6	 3	 7	209.009	1.018
 6	 4	 0	216.423	0.309
 6	 4	 1	215.272	0.343
 6	 4	 2	214.301	0.347
 6	 4	 3	213.222	0.576
 6	 4	 4	212.309	0.542
 6	 4	 5	211.149	0.399
 6	 4	 6	210.171	0.448
 6	 4	 7	208.958	0.944
 6	 5	 0	216.412	0.333
 6	 5	 1	215.307	0.319
 6	 5	 2	214.269	0.352
 6	 5	 3	213.204	0.562
 6	 5	 4	212.227	0.568
 6	 5	 5	211.142	0.390
 6	 5	 6	210.159	0.507
 6	 5	 7	209.035	0.966
 6	 6	 0	216.426	0.325
 6	 6	 1	215.271	0.308
 6	 6	 2	214.268	0.337
 6	 6	 3	213.226	0.566
 6	 6	 4	212.286	0.531
 6	 6	 5	211.131	0.385
 6	 6	 6	210.169	0.530
 6	 6	 7	209.082	0.885
 6	 7	 0	216.434	0.315
 6	 7	 1	215.321	0.320
 6	 7	 2	214.346	0.322
 6	 7	 3	213.147	0.557
 6	 7	 4	212.245	0.516
 6	 7	 5	211.128	0.329
 6	 7	 6	210.194	0.495
 6	 7	 7	209.057	0.853
 7	 0	 0	223.073	0.562
 7	 0	 1	222.032	0.680
 7	 0	 2	220.988	0.673
 7	 0	 3	219.943	0.672
 7	 0	 4	218.996	0.759
 7	 0	 5	217.935	0.655
 7	 0	 6	216.972	0.685
 7	 0	 7	215.880	0.799
 7	 1	 0	223.072	0.410
 7	 1	 1	221.992	0.593
 7	 1	 2	220.985	0.583
 7	 1	 3	219.905	0.626
 7	 1	 4	218.900	0.706
 7	 1	 5	217.931	0.602
 7	 1	 6	216.985	0.639
 7	 1	 7	215.877	0.919
 7	 2	 0	223.085	0.386
 7	 2	 1	222.000	0.548
 7	 2	 2	220.939	0.500
 7	 2	 3	219.887	0.673
 7	 2	 4	218.935	0.664
 7	 2	 5	217.870	0.532
 7	 2	 6	216.854	0.567
 7	 2	 7	215.915	1.140
 7	 3	 0	223.085	0.344
 7	 3	 1	222.009	0.514
 7	 3	 2	220.985	0.512
 7	 3	 3	219.877	0.679
 7	 3	 4	218.891	0.658
 7	 3	 5	217.836	0.460
 7	 3	 6	216.918	0.575
 7	 3	 7	215.844	1.167
 7	 4	 0	223.076	0.299
 7	 4	 1	221.929	0.426
 7	 4	 2	220.923	0.405
 7	 4	 3	219.847	0.669
 7	 4	 4	218.926	0.655
 7	 4	 5	217.888	0.449
 7	 4	 6	216.964	0.584
 7	 4	 7	215.834	1.131
 7	 5	 0	223.081	0.377
 7	 5	 1	221.993	0.393
 7	 5	 2	220.984	0.415
 7	 5	 3	219.948	0.687
 7	 5	 4	218.904	0.617
 7	 5	 5	217.846	0.373
 7	 5	 6	216.930	0.607
 7	 5	 7	215.850	1.151
 7	 6	 0	223.036	0.354
 7	 6	 1	221.973	0.313
 7	 6	 2	220.990	0.346
 7	 6	 3	219.854	0.673
 7	 6	 4	218.902	0.587
 7	 6	 5	217.881	0.360
 7	 6	 6	216.940	0.607
 7	 6	 7	215.838	1.123
 7	 7	 0	223.046	0.306
 7	 7	 1	222.036	0.290
 7	 7	 2	220.974	0.328
 7	 7	 3	219.932	0.621
 7	 7	 4	218.913	0.596
 7	 7	 5	217.886	0.366
 7	 7	 6	216.940	0.687
 7	 7	 7	215.843	0.987
 8	 0	 0	219.974	0.492
 8	 0	 1	218.852	0.654
 8	 0	 2	217.898	0.690
 8	 0	 3	216.893	0.731
 8	 0	 4	216.034	0.833
 8	 0	 5	214.823	0.689
 8	 0	 6	213.916	0.707
 8	 0	 7	212.839	0.803
 8	 1	 0	219.930	0.409
 8	 1	 1	218.852	0.575
 8	 1	 2	217.889	0.594
 8	 1	 3	216.848	0.667
 8	 1	 4	216.022	0.793
 8	 1	 5	214.928	0.649
 8	 1	 6	213.859	0.633
 8	 1	 7	212.763	1.065
 8	 2	 0	219.892	0.396
 8	 2	 1	218.799	0.520
 8	 2	 2	217.887	0.540
 8	 2	 3	216.744	0.658
 8	 2	 4	216.010	0.804
 8	 2	 5	214.889	0.583
 8	 2	 6	213.803	0.620
 8	 2	 7	212.760	1.247
 8	 3	 0	219.910	0.388
 8	 3	 1	218.815	0.497
 8	 3	 2	217.854	0.496
 8	 3	 3	216.775	0.705
 8	 3	 4	216.029	0.802
 8	 3	 5	214.847	0.592
 8	 3	 6	213.815	0.577
 8	 3	 7	212.792	1.214
 8	 4	 0	219.871	0.411
 8	 4	 1	218.840	0.435
 8	 4	 2	217.904	0.483
 8	 4	 3	216.769	0.793
 8	 4	 4	216.016	0.799
 8	 4	 5	214.801	0.538
 8	 4	 6	213.818	0.638
 8	 4	 7	212.718	1.304
 8	 5	 0	219.876	0.491
 8	 5	 1	218.834	0.448
 8	 5	 2	217.897	0.479
 8	 5	 3	216.764	0.770
 8	 5	 4	215.913	0.735
 8	 5	 5	214.815	0.543
 8	 5	 6	213.768	0.702
 8	 5	 7	212.698	1.284
 8	 6	 0	219.856	0.456
 8	 6	 1	218.781	0.475
 8	 6	 2	217.846	0.503
 8	 6	 3	216.725	0.776
 8	 6	 4	215.963	0.744
 8	 6	 5	214.822	0.542
 8	 6	 6	213.854	0.719
 8	 6	 7	212.689	1.299
 8	 7	 0	219.857	0.485
 8	 7	 1	218.807	0.490
 8	 7	 2	217.835	0.547
 8	 7	 3	216.804	0.793
 8	 7	 4	215.906	0.771
 8	 7	 5	214.839	0.546
 8	 7	 6	213.851	0.782
 8	 7	 7	212.766	1.185
 9	 0	 0	218.101	0.452
 9	 0	 1	217.084	0.588
 9	 0	 2	216.027	0.585
 9	 0	 3	214.866	0.662
 9	 0	 4	213.934	0.657
 9	 0	 5	212.798	0.580
 9	 0	 6	211.866	0.584
 9	 0	 7	210.691	0.623
 9	 1	 0	218.106	0.343
 9	 1	 1	216.968	0.525
 9	 1	 2	215.978	0.537
 9	 1	 3	214.859	0.616
 9	 1	 4	213.878	0.646
 9	 1	 5	212.777	0.469
 9	 1	 6	211.821	0.528
 9	 1	 7	210.742	0.783
 9	 2	 0	218.040	0.348
 9	 2	 1	216.934	0.478
 9	 2	 2	216.002	0.474
 9	 2	 3	214.911	0.687
 9	 2	 4	213.867	0.596
 9	 2	 5	212.791	0.472
 9	 2	 6	211.780	0.509
 9	 2	 7	210.702	0.977
 9	 3	 0	217.953	0.369
 9	 3	 1	216.928	0.435
 9	 3	 2	216.064	0.465
 9	 3	 3	214.839	0.626
 9	 3	 4	213.888	0.619
 9	 3	 5	212.815	0.461
 9	 3	 6	211.833	0.533
 9	 3	 7	210.726	0.991
 9	 4	 0	218.034	0.374
 9	 4	 1	216.900	0.416
 9	 4	 2	216.096	0.444
 9	 4	 3	214.898	0.637
 9	 4	 4	213.813	0.612
 9	 4	 5	212.797	0.467
 9	 4	 6	211.775	0.572
 9	 4	 7	210.690	0.911
 9	 5	 0	218.027	0.407
 9	 5	 1	216.902	0.417
 9	 5	 2	216.033	0.434
 9	 5	 3	214.857	0.630
 9	 5	 4	213.847	0.585
 9	 5	 5	212.773	0.456
 9	 5	 6	211.842	0.546
 9	 5	 7	210.639	0.956
 9	 6	 0	217.997	0.452
 9	 6	 1	216.968	0.410
 9	 6	 2	215.990	0.477
 9	 6	 3	214.828	0.656
 9	 6	 4	213.907	0.611
 9	 6	 5	212.763	0.482
 9	 6	 6	211.753	0.560
 9	 6	 7	210.650	0.950
 9	 7	 0	217.974	0.449
 9	 7	 1	216.925	0.482
 9	 7	 2	216.004	0.487
 9	 7	 3	214.814	0.675
 9	 7	 4	213.872	0.611
 9	 7	 5	212.759	0.503
 9	 7	 6	211.739	0.645
 9	 7	 7	210.715	0.887
10	 0	 0	213.160	0.437
10	 0	 1	212.047	0.561
10	 0	 2	211.016	0.551
10	 0	 3	209.793	0.583
10	 0	 4	208.804	0.600
10	 0	 5	207.765	0.505
10	 0	 6	206.689	0.503
10	 0	 7	205.602	0.594
10	 1	 0	213.198	0.355
10	 1	 1	211.968	0.500
10	 1	 2	211.008	0.510
10	 1	 3	209.838	0.542
10	 1	 4	208.842	0.627
10	 1	 5	207.733	0.438
10	 1	 6	206.700	0.490
10	 1	 7	205.578	0.670
10	 2	 0	213.145	0.340
10	 2	 1	212.057	0.475
10	 2	 2	211.001	0.461
10	 2	 3	209.832	0.621
10	 2	 4	208.869	0.631
10	 2	 5	207.722	0.405
10	 2	 6	206.688	0.451
10	 2	 7	205.579	0.837
10	 3	 0	213.160	0.334
10	 3	 1	212.058	0.464
10	 3	 2	211.035	0.454
10	 3	 3	209.813	0.624
10	 3	 4	208.849	0.576
10	 3	 5	207.766	0.447
10	 3	 6	206.744	0.471
10	 3	 7	205.554	0.902
10	 4	 0	213.165	0.347
10	 4	 1	212.058	0.404
10	 4	 2	211.004	0.449
10	 4	 3	209.797	0.597
10	 4	 4	208.919	0.622
10	 4	 5	207.770	0.416
10	 4	 6	206.759	0.487
10	 4	 7	205.579	0.778
10	 5	 0	213.209	0.382
10	 5	 1	212.063	0.434
10	 5	 2	210.966	0.445
10	 5	 3	209.811	0.603
10	 5	 4	208.817	0.600
10	 5	 5	207.764	0.456
10	 5	 6	206.777	0.556
10	 5	 7	205.621	0.868
10	 6	 0	213.171	0.438
10	 6	 1	212.034	0.490
10	 6	 2	211.012	0.457
10	 6	 3	209.776	0.625
10	 6	 4	209.008	0.578
10	 6	 5	207.728	0.469
10	 6	 6	206.729	0.528
10	 6	 7	205.561	0.855
10	 7	 0	213.222	0.453
10	 7	 1	212.011	0.483
10	 7	 2	211.051	0.450
10	 7	 3	209.916	0.611
10	 7	 4	208.915	0.555
10	 7	 5	207.861	0.448
10	 7	 6	206.774	0.588
10	 7	 7	205.576	0.877
11	 0	 0	227.968	0.356
11	 0	 1	226.918	0.469
11	 0	 2	225.938	0.475
11	 0	 3	224.839	0.527
11	 0	 4	223.858	0.542
11	 0	 5	222.753	0.410
11	 0	 6	221.784	0.439
11	 0	 7	220.717	0.443
11	 1	 0	227.962	0.311
11	 1	 1	226.868	0.376
11	 1	 2	225.896	0.416
11	 1	 3	224.827	0.457
11	 1	 4	223.820	0.501
11	 1	 5	222.739	0.360
11	 1	 6	221.802	0.417
11	 1	 7	220.682	0.557
11	 2	 0	227.892	0.294
11	 2	 1	226.850	0.354
11	 2	 2	225.869	0.376
11	 2	 3	224.742	0.418
11	 2	 4	223.798	0.484
11	 2	 5	222.691	0.379
11	 2	 6	221.759	0.401
11	 2	 7	220.706	0.582
11	 3	 0	227.902	0.296
11	 3	 1	226.857	0.350
11	 3	 2	225.838	0.381
11	 3	 3	224.724	0.496
11	 3	 4	223.796	0.452
11	 3	 5	222.682	0.357
11	 3	 6	221.757	0.418
11	 3	 7	220.718	0.582
11	 4	 0	227.868	0.327
11	 4	 1	226.851	0.322
11	 4	 2	225.868	0.346
11	 4	 3	224.764	0.497
11	 4	 4	223.727	0.430
11	 4	 5	222.639	0.388
11	 4	 6	221.708	0.443
11	 4	 7	220.728	0.606
11	 5	 0	227.879	0.324
11	 5	 1	226.809	0.359
11	 5	 2	225.817	0.376
11	 5	 3	224.751	0.470
11	 5	 4	223.779	0.492
11	 5	 5	222.674	0.390
11	 5	 6	221.720	0.435
11	 5	 7	220.718	0.655
11	 6	 0	227.813	0.375
11	 6	 1	226.780	0.398
11	 6	 2	225.815	0.384
11	 6	 3	224.740	0.506
11	 6	 4	223.730	0.495
11	 6	 5	222.686	0.405
11	 6	 6	221.685	0.500
11	 6	 7	220.664	0.612
11	 7	 0	227.820	0.396
11	 7	 1	226.765	0.397
11	 7	 2	225.776	0.412
11	 7	 3	224.692	0.487
11	 7	 4	223.755	0.504
11	 7	 5	222.686	0.367
11	 7	 6	221.684	0.483
11	 7	 7	220.638	0.666
12	 0	 0	220.485	0.395
12	 0	 1	219.430	0.425
12	 0	 2	218.462	0.392
12	 0	 3	217.388	0.468
12	 0	 4	216.435	0.479
12	 0	 5	215.387	0.460
12	 0	 6	214.356	0.458
12	 0	 7	213.227	0.536
12	 1	 0	220.460	0.357
12	 1	 1	219.407	0.383
12	 1	 2	218.443	0.383
12	 1	 3	217.414	0.408
12	 1	 4	216.394	0.458
12	 1	 5	215.331	0.400
12	 1	 6	214.272	0.419
12	 1	 7	213.300	0.585
12	 2	 0	220.433	0.336
12	 2	 1	219.304	0.373
12	 2	 2	218.405	0.346
12	 2	 3	217.363	0.452
12	 2	 4	216.371	0.518
12	 2	 5	215.310	0.391
12	 2	 6	214.282	0.429
12	 2	 7	213.235	0.743
12	 3	 0	220.457	0.360
12	 3	 1	219.340	0.367
12	 3	 2	218.416	0.377
12	 3	 3	217.331	0.489
12	 3	 4	216.370	0.506
12	 3	 5	215.263	0.409
12	 3	 6	214.248	0.403
12	 3	 7	213.239	0.734
12	 4	 0	220.429	0.381
12	 4	 1	219.320	0.362
12	 4	 2	218.380	0.384
12	 4	 3	217.345	0.483
12	 4	 4	216.363	0.477
12	 4	 5	215.256	0.425
12	 4	 6	214.233	0.433
12	 4	 7	213.214	0.793
12	 5	 0	220.441	0.392
12	 5	 1	219.336	0.413
12	 5	 2	218.364	0.391
12	 5	 3	217.287	0.482
12	 5	 4	216.324	0.488
12	 5	 5	215.246	0.404
12	 5	 6	214.267	0.526
12	 5	 7	213.137	0.774
12	 6	 0	220.361	0.459
12	 6	 1	219.314	0.431
12	 6	 2	218.346	0.427
12	 6	 3	217.230	0.527
12	 6	 4	216.338	0.488
12	 6	 5	215.260	0.418
12	 6	 6	214.283	0.498
12	 6	 7	213.186	0.768
12	 7	 0	220.388	0.427
12	 7	 1	219.276	0.458
12	 7	 2	218.328	0.437
12	 7	 3	217.296	0.518
12	 7	 4	216.339	0.552
12	 7	 5	215.188	0.496
12	 7	 6	214.223	0.508
12	 7	 7	213.137	0.726
13	 0	 0	216.404	0.408
13	 0	 1	215.214	0.475
13	 0	 2	214.262	0.411
13	 0	 3	213.088	0.480
13	 0	 4	212.085	0.578
13	 0	 5	211.041	0.488
13	 0	 6	210.086	0.472
13	 0	 7	208.843	0.529
13	 1	 0	216.327	0.328
13	 1	 1	215.239	0.385
13	 1	 2	214.180	0.406
13	 1	 3	213.077	0.466
13	 1	 4	212.191	0.465
13	 1	 5	211.008	0.420
13	 1	 6	209.986	0.487
13	 1	 7	208.825	0.623
13	 2	 0	216.311	0.357
13	 2	 1	215.207	0.393
13	 2	 2	214.194	0.371
13	 2	 3	213.136	0.519
13	 2	 4	212.113	0.500
13	 2	 5	210.993	0.422
13	 2	 6	209.945	0.462
13	 2	 7	208.930	0.729
13	 3	 0	216.318	0.392
13	 3	 1	215.221	0.363
13	 3	 2	214.185	0.390
13	 3	 3	213.129	0.513
13	 3	 4	212.113	0.530
13	 3	 5	211.008	0.415
13	 3	 6	209.958	0.436
13	 3	 7	208.889	0.756
13	 4	 0	216.361	0.429
13	 4	 1	215.215	0.433
13	 4	 2	214.219	0.446
13	 4	 3	213.116	0.478
13	 4	 4	212.069	0.500
13	 4	 5	210.958	0.444
13	 4	 6	209.979	0.451
13	 4	 7	208.818	0.706
13	 5	 0	216.321	0.451
13	 5	 1	215.221	0.484
13	 5	 2	214.173	0.482
13	 5	 3	213.133	0.510
13	 5	 4	212.070	0.525
13	 5	 5	210.957	0.490
13	 5	 6	209.988	0.519
13	 5	 7	208.871	0.771
13	 6	 0	216.316	0.500
13	 6	 1	215.186	0.545
13	 6	 2	214.224	0.550
13	 6	 3	213.036	0.572
13	 6	 4	212.064	0.579
13	 6	 5	210.964	0.499
13	 6	 6	210.107	0.534
13	 6	 7	208.838	0.732
13	 7	 0	216.363	0.530
13	 7	 1	215.196	0.534
13	 7	 2	214.239	0.545
13	 7	 3	213.028	0.605
13	 7	 4	212.171	0.600
13	 7	 5	211.059	0.548
13	 7	 6	210.057	0.562
13	 7	 7	208.837	0.723
14	 0	 0	228.087	0.352
14	 0	 1	227.002	0.394
14	 0	 2	225.973	0.383
14	 0	 3	224.844	0.400
14	 0	 4	223.939	0.448
14	 0	 5	222.841	0.374
14	 0	 6	221.810	0.365
14	 0	 7	220.688	0.406
14	 1	 0	228.070	0.310
14	 1	 1	226.966	0.336
14	 1	 2	225.922	0.304
14	 1	 3	224.812	0.387
14	 1	 4	223.911	0.409
14	 1	 5	222.828	0.337
14	 1	 6	221.854	0.341
14	 1	 7	220.698	0.453
14	 2	 0	227.992	0.337
14	 2	 1	226.986	0.338
14	 2	 2	225.979	0.367
14	 2	 3	224.803	0.388
14	 2	 4	223.947	0.412
14	 2	 5	222.844	0.357
14	 2	 6	221.824	0.384
14	 2	 7	220.664	0.515
14	 3	 0	228.038	0.385
14	 3	 1	226.961	0.369
14	 3	 2	225.927	0.399
14	 3	 3	224.829	0.453
14	 3	 4	223.891	0.410
14	 3	 5	222.769	0.386
14	 3	 6	221.794	0.370
14	 3	 7	220.661	0.501
14	 4	 0	228.046	0.377
14	 4	 1	226.943	0.428
14	 4	 2	225.940	0.393
14	 4	 3	224.829	0.463
14	 4	 4	223.901	0.450
14	 4	 5	222.779	0.411
14	 4	 6	221.769	0.415
14	 4	 7	220.642	0.516
14	 5	 0	228.051	0.445
14	 5	 1	226.944	0.489
14	 5	 2	225.834	0.453
14	 5	 3	224.748	0.467
14	 5	 4	223.884	0.484
14	 5	 5	222.749	0.451
14	 5	 6	221.737	0.496
14	 5	 7	220.646	0.579
14	 6	 0	228.082	0.472
14	 6	 1	226.907	0.543
14	 6	 2	225.875	0.519
14	 6	 3	224.743	0.588
14	 6	 4	223.946	0.559
14	 6	 5	222.770	0.507
14	 6	 6	221.750	0.555
14	 6	 7	220.620	0.566
14	 7	 0	228.044	0.543
14	 7	 1	226.926	0.520
14	 7	 2	225.903	0.533
14	 7	 3	224.767	0.564
14	 7	 4	223.862	0.574
14	 7	 5	222.787	0.497
14	 7	 6	221.775	0.591
14	 7	 7	220.612	0.622
15	 0	 0	218.357	0.331
15	 0	 1	217.325	0.367
15	 0	 2	216.304	0.387
15	 0	 3	215.218	0.438
15	 0	 4	214.310	0.442
15	 0	 5	213.220	0.360
15	 0	 6	212.178	0.428
15	 0	 7	211.106	0.477
15	 1	 0	218.372	0.321
15	 1	 1	217.321	0.340
15	 1	 2	216.289	0.378
15	 1	 3	215.200	0.415
15	 1	 4	214.291	0.405
15	 1	 5	213.220	0.350
15	 1	 6	212.183	0.376
15	 1	 7	211.073	0.547
15	 2	 0	218.354	0.335
15	 2	 1	217.237	0.333
15	 2	 2	216.304	0.364
15	 2	 3	215.206	0.413
15	 2	 4	214.235	0.394
15	 2	 5	213.186	0.331
15	 2	 6	212.140	0.359
15	 2	 7	211.070	0.574
15	 3	 0	218.341	0.350
15	 3	 1	217.261	0.344
15	 3	 2	216.255	0.396
15	 3	 3	215.164	0.391
15	 3	 4	214.255	0.387
15	 3	 5	213.151	0.355
15	 3	 6	212.164	0.402
15	 3	 7	211.078	0.613
15	 4	 0	218.291	0.429
15	 4	 1	217.231	0.403
15	 4	 2	216.264	0.423
15	 4	 3	215.143	0.447
15	 4	 4	214.240	0.461
15	 4	 5	213.154	0.391
15	 4	 6	212.113	0.398
15	 4	 7	210.987	0.568
15	 5	 0	218.330	0.433
15	 5	 1	217.237	0.431
15	 5	 2	216.311	0.470
15	 5	 3	215.153	0.513
15	 5	 4	214.247	0.486
15	 5	 5	213.141	0.466
15	 5	 6	212.145	0.424
15	 5	 7	211.034	0.598
15	 6	 0	218.331	0.488
15	 6	 1	217.271	0.461
15	 6	 2	216.247	0.486
15	 6	 3	215.139	0.492
15	 6	 4	214.238	0.481
15	 6	 5	213.100	0.494
15	 6	 6	212.120	0.520
15	 6	 7	211.011	0.621
15	 7	 0	218.310	0.493
15	 7	 1	217.270	0.478
15	 7	 2	216.236	0.518
15	 7	 3	215.148	0.558
15	 7	 4	214.222	0.510
15	 7	 5	213.125	0.492
15	 7	 6	212.052	0.542
15	 7	 7	210.984	0.610
16	 0	 0	223.918	0.389
16	 0	 1	222.842	0.443
16	 0	 2	221.827	0.450
16	 0	 3	220.697	0.365
16	 0	 4	219.845	0.392
16	 0	 5	218.859	0.405
16	 0	 6	217.918	0.372
16	 0	 7	216.775	0.431
16	 1	 0	223.961	0.342
16	 1	 1	222.786	0.386
16	 1	 2	221.841	0.398
16	 1	 3	220.756	0.320
16	 1	 4	219.888	0.336
16	 1	 5	218.821	0.327
16	 1	 6	217.925	0.378
16	 1	 7	216.766	0.481
16	 2	 0	223.940	0.342
16	 2	 1	222.820	0.341
16	 2	 2	221.813	0.324
16	 2	 3	220.729	0.348
16	 2	 4	219.874	0.362
16	 2	 5	218.815	0.284
16	 2	 6	217.891	0.289
16	 2	 7	216.810	0.547
16	 3	 0	223.903	0.339
16	 3	 1	222.834	0.332
16	 3	 2	221.821	0.310
16	 3	 3	220.767	0.349
16	 3	 4	219.848	0.352
16	 3	 5	218.794	0.300
16	 3	 6	217.884	0.309
16	 3	 7	216.766	0.508
16	 4	 0	223.903	0.349
16	 4	 1	222.855	0.361
16	 4	 2	221.790	0.345
16	 4	 3	220.655	0.340
16	 4	 4	219.883	0.353
16	 4	 5	218.822	0.286
16	 4	 6	217.867	0.303
16	 4	 7	216.775	0.492
16	 5	 0	223.927	0.307
16	 5	 1	222.790	0.315
16	 5	 2	221.813	0.296
16	 5	 3	220.724	0.363
16	 5	 4	219.863	0.371
16	 5	 5	218.799	0.310
16	 5	 6	217.834	0.346
16	 5	 7	216.810	0.479
16	 6	 0	223.883	0.366
16	 6	 1	222.762	0.316
16	 6	 2	221.782	0.331
16	 6	 3	220.670	0.356
16	 6	 4	219.928	0.339
16	 6	 5	218.797	0.331
16	 6	 6	217.812	0.344
16	 6	 7	216.666	0.469
16	 7	 0	223.845	0.351
16	 7	 1	222.770	0.336
16	 7	 2	221.768	0.325
16	 7	 3	220.690	0.346
16	 7	 4	219.864	0.316
16	 7	 5	218.763	0.343
16	 7	 6	217.884	0.390
16	 7	 7	216.738	0.439
17	 0	 0	220.151	0.352
17	 0	 1	219.035	0.421
17	 0	 2	218.048	0.425
17	 0	 3	217.082	0.366
17	 0	 4	216.124	0.373
17	 0	 5	215.051	0.410
17	 0	 6	213.993	0.377
17	 0	 7	212.897	0.419
17	 1	 0	220.128	0.329
17	 1	 1	219.093	0.364
17	 1	 2	218.106	0.370
17	 1	 3	217.022	0.299
17	 1	 4	216.127	0.397
17	 1	 5	214.954	0.346
17	 1	 6	214.008	0.338
17	 1	 7	212.921	0.534
17	 2	 0	220.152	0.295
17	 2	 1	219.049	0.340
17	 2	 2	218.148	0.321
17	 2	 3	217.118	0.309
17	 2	 4	216.116	0.344
17	 2	 5	214.952	0.326
17	 2	 6	213.981	0.309
17	 2	 7	212.861	0.578
17	 3	 0	220.134	0.283
17	 3	 1	219.037	0.297
17	 3	 2	218.043	0.311
17	 3	 3	217.003	0.349
17	 3	 4	216.118	0.373
17	 3	 5	214.976	0.272
17	 3	 6	213.985	0.338
17	 3	 7	212.869	0.573
17	 4	 0	220.111	0.263
17	 4	 1	219.107	0.325
17	 4	 2	218.029	0.268
17	 4	 3	217.022	0.389
17	 4	 4	216.088	0.372
17	 4	 5	215.018	0.272
17	 4	 6	213.972	0.321
17	 4	 7	212.978	0.555
17	 5	 0	220.095	0.340
17	 5	 1	219.034	0.328
17	 5	 2	218.066	0.332
17	 5	 3	217.053	0.338
17	 5	 4	216.079	0.397
17	 5	 5	215.002	0.327
17	 5	 6	213.959	0.375
17	 5	 7	212.893	0.527
17	 6	 0	220.100	0.296
17	 6	 1	219.063	0.349
17	 6	 2	218.072	0.304
17	 6	 3	217.027	0.385
17	 6	 4	216.097	0.375
17	 6	 5	214.922	0.351
17	 6	 6	213.996	0.337
17	 6	 7	212.867	0.520
17	 7	 0	220.112	0.334
17	 7	 1	219.014	0.321
17	 7	 2	218.080	0.333
17	 7	 3	217.072	0.343
17	 7	 4	216.102	0.419
17	 7	 5	214.992	0.307
17	 7	 6	213.952	0.365
17	 7	 7	212.867	0.494
18	 0	 0	218.643	0.272
18	 0	 1	217.624	0.313
18	 0	 2	216.630	0.330
18	 0	 3	215.539	0.302
18	 0	 4	214.612	0.340
18	 0	 5	213.523	0.308
18	 0	 6	212.528	0.302
18	 0	 7	211.426	0.325
18	 1	 0	218.675	0.269
18	 1	 1	217.593	0.289
18	 1	 2	216.573	0.290
18	 1	 3	215.539	0.280
18	 1	 4	214.598	0.305
18	 1	 5	213.616	0.256
18	 1	 6	212.545	0.265
18	 1	 7	211.457	0.377
18	 2	 0	218.644	0.235
18	 2	 1	217.558	0.269
18	 2	 2	216.590	0.275
18	 2	 3	215.550	0.292
18	 2	 4	214.610	0.281
18	 2	 5	213.544	0.254
18	 2	 6	212.528	0.234
18	 2	 7	211.494	0.415
18	 3	 0	218.615	0.224
18	 3	 1	217.626	0.265
18	 3	 2	216.618	0.251
18	 3	 3	215.524	0.263
18	 3	 4	214.618	0.270
18	 3	 5	213.543	0.247
18	 3	 6	212.530	0.244
18	 3	 7	211.485	0.429
18	 4	 0	218.624	0.235
18	 4	 1	217.639	0.232
18	 4	 2	216.576	0.265
18	 4	 3	215.557	0.289
18	 4	 4	214.637	0.290
18	 4	 5	213.582	0.237
18	 4	 6	212.548	0.258
18	 4	 7	211.454	0.405
18	 5	 0	218.588	0.244
18	 5	 1	217.542	0.243
18	 5	 2	216.584	0.238
18	 5	 3	215.524	0.298
18	 5	 4	214.562	0.274
18	 5	 5	213.598	0.232
18	 5	 6	212.526	0.254
18	 5	 7	211.445	0.399
18	 6	 0	218.609	0.248
18	 6	 1	217.589	0.235
18	 6	 2	216.647	0.236
18	 6	 3	215.491	0.300
18	 6	 4	214.598	0.268
18	 6	 5	213.526	0.226
18	 6	 6	212.500	0.268
18	 6	 7	211.457	0.384
18	 7	 0	218.606	0.235
18	 7	 1	217.551	0.248
18	 7	 2	216.634	0.239
18	 7	 3	215.506	0.297
18	 7	 4	214.584	0.293
18	 7	 5	213.497	0.232
18	 7	 6	212.468	0.283
18	 7	 7	211.445	0.393
19	 0	 0	233.789	0.359
19	 0	 1	232.718	0.424
19	 0	 2	231.723	0.419
19	 0	 3	230.669	0.454
19	 0	 4	229.716	0.456
19	 0	 5	228.617	0.403
19	 0	 6	227.750	0.427
19	 0	 7	226.621	0.408
19	 1	 0	233.747	0.331
19	 1	 1	232.693	0.344
19	 1	 2	231.729	0.375
19	 1	 3	230.617	0.362
19	 1	 4	229.673	0.397
19	 1	 5	228.663	0.347
19	 1	 6	227.703	0.380
19	 1	 7	226.602	0.543
19	 2	 0	233.751	0.291
19	 2	 1	232.750	0.350
19	 2	 2	231.737	0.373
19	 2	 3	230.631	0.410
19	 2	 4	229.691	0.395
19	 2	 5	228.615	0.342
19	 2	 6	227.726	0.361
19	 2	 7	226.594	0.617
19	 3	 0	233.816	0.325
19	 3	 1	232.734	0.316
19	 3	 2	231.761	0.322
19	 3	 3	230.694	0.399
19	 3	 4	229.705	0.392
19	 3	 5	228.606	0.346
19	 3	 6	227.676	0.351
19	 3	 7	226.589	0.575
19	 4	 0	233.807	0.294
19	 4	 1	232.790	0.328
19	 4	 2	231.718	0.309
19	 4	 3	230.622	0.424
19	 4	 4	229.652	0.370
19	 4	 5	228.653	0.281
19	 4	 6	227.700	0.369
19	 4	 7	226.609	0.642
19	 5	 0	233.789	0.334
19	 5	 1	232.783	0.319
19	 5	 2	231.791	0.308
19	 5	 3	230.608	0.443
19	 5	 4	229.633	0.403
19	 5	 5	228.634	0.321
19	 5	 6	227.727	0.383
19	 5	 7	226.518	0.550
19	 6	 0	233.815	0.297
19	 6	 1	232.751	0.323
19	 6	 2	231.719	0.335
19	 6	 3	230.594	0.380
19	 6	 4	229.651	0.403
19	 6	 5	228.649	0.313
19	 6	 6	227.680	0.373
19	 6	 7	226.523	0.585
19	 7	 0	233.789	0.328
19	 7	 1	232.689	0.309
19	 7	 2	231.720	0.328
19	 7	 3	230.615	0.415
19	 7	 4	229.704	0.394
19	 7	 5	228.629	0.315
19	 7	 6	227.681	0.414
19	 7	 7	226.532	0.508
20	 0	 0	223.761	0.405
20	 0	 1	222.678	0.484
20	 0	 2	221.739	0.488
20	 0	 3	220.722	0.476
20	 0	 4	219.791	0.523
20	 0	 5	218.780	0.439
20	 0	 6	217.867	0.453
20	 0	 7	216.816	0.567
20	 1	 0	223.773	0.360
20	 1	 1	222.715	0.427
20	 1	 2	221.713	0.469
20	 1	 3	220.671	0.422
20	 1	 4	219.727	0.499
20	 1	 5	218.670	0.420
20	 1	 6	217.809	0.383
20	 1	 7	216.861	0.704
20	 2	 0	223.754	0.419
20	 2	 1	222.678	0.358
20	 2	 2	221.816	0.410
20	 2	 3	220.670	0.447
20	 2	 4	219.732	0.441
20	 2	 5	218.675	0.380
20	 2	 6	217.840	0.386
20	 2	 7	216.797	0.764
20	 3	 0	223.730	0.345
20	 3	 1	222.681	0.376
20	 3	 2	221.760	0.351
20	 3	 3	220.694	0.439
20	 3	 4	219.688	0.408
20	 3	 5	218.676	0.332
20	 3	 6	217.820	0.400
20	 3	 7	216.772	0.801
20	 4	 0	223.762	0.343
20	 4	 1	222.709	0.349
20	 4	 2	221.782	0.351
20	 4	 3	220.664	0.476
20	 4	 4	219.733	0.461
20	 4	 5	218.735	0.335
20	 4	 6	217.818	0.414
20	 4	 7	216.844	0.773
20	 5	 0	223.768	0.378
20	 5	 1	222.738	0.340
20	 5	 2	221.770	0.336
20	 5	 3	220.698	0.486
20	 5	 4	219.708	0.433
20	 5	 5	218.715	0.330
20	 5	 6	217.812	0.411
20	 5	 7	216.883	0.768
20	 6	 0	223.739	0.332
20	 6	 1	222.709	0.355
20	 6	 2	221.757	0.326
20	 6	 3	220.644	0.452
20	 6	 4	219.727	0.452
20	 6	 5	218.725	0.330
20	 6	 6	217.805	0.448
20	 6	 7	216.825	0.762
20	 7	 0	223.782	0.331
20	 7	 1	222.687	0.344
20	 7	 2	221.726	0.361
20	 7	 3	220.686	0.446
20	 7	 4	219.709	0.449
20	 7	 5	218.720	0.354
20	 7	 6	217.803	0.463
20	 7	 7	216.851	0.686
21	 0	 0	222.061	0.398
21	 0	 1	221.126	0.509
21	 0	 2	220.006	0.546
21	 0	 3	218.921	0.519
21	 0	 4	218.225	0.555
21	 0	 5	217.279	0.443
21	 0	 6	216.229	0.504
21	 0	 7	215.046	0.629
21	 1	 0	222.130	0.337
21	 1	 1	221.007	0.463
21	 1	 2	220.008	0.473
21	 1	 3	219.053	0.446
21	 1	 4	218.260	0.521
21	 1	 5	217.189	0.394
21	 1	 6	216.179	0.465
21	 1	 7	215.086	0.732
21	 2	 0	222.061	0.338
21	 2	 1	221.085	0.421
21	 2	 2	220.029	0.407
21	 2	 3	218.969	0.525
21	 2	 4	218.154	0.517
21	 2	 5	217.179	0.379
21	 2	 6	216.185	0.384
21	 2	 7	215.061	0.828
21	 3	 0	222.110	0.289
21	 3	 1	221.056	0.370
21	 3	 2	220.016	0.390
21	 3	 3	218.994	0.517
21	 3	 4	218.171	0.476
21	 3	 5	217.156	0.407
21	 3	 6	216.180	0.407
21	 3	 7	215.134	0.799
21	 4	 0	222.074	0.346
21	 4	 1	220.918	0.358
21	 4	 2	220.013	0.340
21	 4	 3	219.050	0.507
21	 4	 4	218.154	0.482
21	 4	 5	217.132	0.353
21	 4	 6	216.106	0.413
21	 4	 7	215.067	0.821
21	 5	 0	222.039	0.342
21	 5	 1	220.945	0.289
21	 5	 2	220.047	0.340
21	 5	 3	218.969	0.534
21	 5	 4	218.265	0.418
21	 5	 5	217.094	0.332
21	 5	 6	216.172	0.476
21	 5	 7	215.084	0.855
21	 6	 0	222.046	0.351
21	 6	 1	221.000	0.356
21	 6	 2	220.036	0.309
21	 6	 3	219.065	0.521
21	 6	 4	218.221	0.452
21	 6	 5	217.148	0.322
21	 6	 6	216.133	0.470
21	 6	 7	215.067	0.813
21	 7	 0	222.101	0.296
21	 7	 1	221.013	0.349
21	 7	 2	219.965	0.378
21	 7	 3	219.020	0.533
21	 7	 4	218.187	0.423
21	 7	 5	217.171	0.330
21	 7	 6	216.244	0.478
21	 7	 7	215.023	0.763
22	 0	 0	229.275	0.379
22	 0	 1	228.324	0.502
22	 0	 2	227.299	0.480
22	 0	 3	226.316	0.493
22	 0	 4	225.354	0.543
22	 0	 5	224.334	0.491
22	 0	 6	223.277	0.500
22	 0	 7	222.266	0.476
22	 1	 0	229.311	0.321
22	 1	 1	228.314	0.422
22	 1	 2	227.356	0.423
22	 1	 3	226.268	0.447
22	 1	 4	225.320	0.485
22	 1	 5	224.301	0.426
22	 1	 6	223.271	0.446
22	 1	 7	222.234	0.791
22	 2	 0	229.322	0.308
22	 2	 1	228.258	0.398
22	 2	 2	227.356	0.355
22	 2	 3	226.255	0.511
22	 2	 4	225.377	0.492
22	 2	 5	224.274	0.392
22	 2	 6	223.314	0.403
22	 2	 7	222.260	0.836
22	 3	 0	229.315	0.284
22	 3	 1	228.260	0.368
22	 3	 2	227.301	0.350
22	 3	 3	226.261	0.517
22	 3	 4	225.315	0.509
22	 3	 5	224.230	0.363
22	 3	 6	223.279	0.383
22	 3	 7	222.196	0.856
22	 4	 0	229.278	0.273
22	 4	 1	228.285	0.333
22	 4	 2	227.303	0.339
22	 4	 3	226.268	0.489
22	 4	 4	225.328	0.500
22	 4	 5	224.236	0.376
22	 4	 6	223.288	0.446
22	 4	 7	222.195	0.877
22	 5	 0	229.261	0.294
22	 5	 1	228.227	0.300
22	 5	 2	227.283	0.317
22	 5	 3	226.220	0.510
22	 5	 4	225.321	0.487
22	 5	 5	224.280	0.347
22	 5	 6	223.252	0.450
22	 5	 7	222.217	0.865
22	 6	 0	229.295	0.329
22	 6	 1	228.256	0.309
22	 6	 2	227.281	0.339
22	 6	 3	226.273	0.496
22	 6	 4	225.277	0.551
22	 6	 5	224.250	0.354
22	 6	 6	223.242	0.473
22	 6	 7	222.202	0.839
22	 7	 0	229.270	0.303
22	 7	 1	228.290	0.319
22	 7	 2	227.303	0.332
22	 7	 3	226.209	0.505
22	 7	 4	225.262	0.432
22	 7	 5	224.261	0.341
22	 7	 6	223.282	0.544
22	 7	 7	222.171	0.816
23	 0	 0	222.726	0.457
23	 0	 1	221.658	0.564
23	 0	 2	220.586	0.522
23	 0	 3	219.558	0.558
23	 0	 4	218.600	0.585
23	 0	 5	217.581	0.507
23	 0	 6	216.548	0.533
23	 0	 7	215.443	0.612
23	 1	 0	222.700	0.397
23	 1	 1	221.635	0.483
23	 1	 2	220.585	0.473
23	 1	 3	219.524	0.493
23	 1	 4	218.593	0.547
23	 1	 5	217.552	0.439
23	 1	 6	216.560	0.517
23	 1	 7	215.506	0.751
23	 2	 0	222.725	0.360
23	 2	 1	221.595	0.438
23	 2	 2	220.579	0.398
23	 2	 3	219.495	0.524
23	 2	 4	218.581	0.511
23	 2	 5	217.533	0.394
23	 2	 6	216.518	0.468
23	 2	 7	215.459	0.966
23	 3	 0	222.705	0.347
23	 3	 1	221.623	0.401
23	 3	 2	220.551	0.405
23	 3	 3	219.489	0.517
23	 3	 4	218.531	0.500
23	 3	 5	217.546	0.407
23	 3	 6	216.508	0.446
23	 3	 7	215.456	1.065
23	 4	 0	222.708	0.330
23	 4	 1	221.658	0.369
23	 4	 2	220.557	0.395
23	 4	 3	219.522	0.513
23	 4	 4	218.550	0.517
23	 4	 5	217.560	0.393
23	 4	 6	216.500	0.469
23	 4	 7	215.418	0.954
23	 5	 0	222.671	0.365
23	 5	 1	221.653	0.368
23	 5	 2	220.543	0.368
23	 5	 3	219.519	0.580
23	 5	 4	218.560	0.493
23	 5	 5	217.510	0.370
23	 5	 6	216.505	0.500
23	 5	 7	215.434	0.971
23	 6	 0	222.721	0.371
23	 6	 1	221.618	0.376
23	 6	 2	220.598	0.368
23	 6	 3	219.493	0.550
23	 6	 4	218.591	0.500
23	 6	 5	217.532	0.364
23	 6	 6	216.526	0.496
23	 6	 7	215.448	1.033
23	 7	 0	222.722	0.352
23	 7	 1	221.611	0.356
23	 7	 2	220.586	0.387
23	 7	 3	219.546	0.555
23	 7	 4	218.564	0.456
23	 7	 5	217.532	0.355
23	 7	 6	216.531	0.549
23	 7	 7	215.411	0.907
24	 0	 0	222.534	0.485
24	 0	 1	221.493	0.534
24	 0	 2	220.535	0.550
24	 0	 3	219.609	0.515
24	 0	 4	218.624	0.547
24	 0	 5	217.630	0.534
24	 0	 6	216.660	0.521
24	 0	 7	215.586	0.597
24	 1	 0	222.553	0.384
24	 1	 1	221.490	0.450
24	 1	 2	220.503	0.459
24	 1	 3	219.501	0.471
24	 1	 4	218.601	0.525
24	 1	 5	217.620	0.449
24	 1	 6	216.651	0.474
24	 1	 7	215.614	0.761
24	 2	 0	222.525	0.376
24	 2	 1	221.502	0.417
24	 2	 2	220.484	0.415
24	 2	 3	219.488	0.529
24	 2	 4	218.618	0.491
24	 2	 5	217.579	0.412
24	 2	 6	216.640	0.448
24	 2	 7	215.578	0.801
24	 3	 0	222.559	0.346
24	 3	 1	221.410	0.424
24	 3	 2	220.485	0.380
24	 3	 3	219.482	0.447
24	 3	 4	218.589	0.467
24	 3	 5	217.606	0.388
24	 3	 6	216.589	0.431
24	 3	 7	215.559	0.894
24	 4	 0	222.435	0.278
24	 4	 1	221.504	0.353
24	 4	 2	220.456	0.361
24	 4	 3	219.504	0.462
24	 4	 4	218.591	0.476
24	 4	 5	217.563	0.352
24	 4	 6	216.607	0.447
24	 4	 7	215.551	0.859
24	 5	 0	222.475	0.356
24	 5	 1	221.500	0.346
24	 5	 2	220.464	0.363
24	 5	 3	219.516	0.472
24	 5	 4	218.574	0.436
24	 5	 5	217.479	0.323
24	 5	 6	216.608	0.437
24	 5	 7	215.559	0.707
24	 6	 0	222.511	0.343
24	 6	 1	221.462	0.359
24	 6	 2	220.510	0.332
24	 6	 3	219.472	0.489
24	 6	 4	218.555	0.429
24	 6	 5	217.512	0.319
24	 6	 6	216.583	0.457
24	 6	 7	215.545	0.802
24	 7	 0	222.503	0.322
24	 7	 1	221.435	0.320
24	 7	 2	220.442	0.373
24	 7	 3	219.467	0.488
24	 7	 4	218.558	0.411
24	 7	 5	217.590	0.339
24	 7	 6	216.557	0.512
24	 7	 7	215.527	0.738
25	 0	 0	214.779	0.483
25	 0	 1	213.766	0.617
25	 0	 2	212.832	0.566
25	 0	 3	211.805	0.599
25	 0	 4	210.742	0.613
25	 0	 5	209.698	0.568
25	 0	 6	208.809	0.594
25	 0	 7	207.677	0.619
25	 1	 0	214.764	0.409
25	 1	 1	213.771	0.491
25	 1	 2	212.854	0.531
25	 1	 3	211.796	0.485
25	 1	 4	210.784	0.538
25	 1	 5	209.747	0.471
25	 1	 6	208.763	0.470
25	 1	 7	207.694	0.621
25	 2	 0	214.809	0.353
25	 2	 1	213.702	0.417
25	 2	 2	212.899	0.501
25	 2	 3	211.818	0.541
25	 2	 4	210.827	0.537
25	 2	 5	209.712	0.449
25	 2	 6	208.771	0.453
25	 2	 7	207.711	0.725
25	 3	 0	214.855	0.362
25	 3	 1	213.752	0.409
25	 3	 2	212.907	0.427
25	 3	 3	211.817	0.538
25	 3	 4	210.821	0.555
25	 3	 5	209.737	0.407
25	 3	 6	208.759	0.417
25	 3	 7	207.635	0.814
25	 4	 0	214.824	0.354
25	 4	 1	213.793	0.412
25	 4	 2	212.835	0.395
25	 4	 3	211.812	0.565
25	 4	 4	210.799	0.515
25	 4	 5	209.701	0.389
25	 4	 6	208.790	0.452
25	 4	 7	207.678	0.713
25	 5	 0	214.844	0.344
25	 5	 1	213.766	0.357
25	 5	 2	212.902	0.407
25	 5	 3	211.785	0.550
25	 5	 4	210.857	0.495
25	 5	 5	209.709	0.383
25	 5	 6	208.775	0.485
25	 5	 7	207.695	0.695
25	 6	 0	214.770	0.314
25	 6	 1	213.608	0.335
25	 6	 2	212.892	0.398
25	 6	 3	211.807	0.534
25	 6	 4	210.719	0.465
25	 6	 5	209.779	0.359
25	 6	 6	208.844	0.488
25	 6	 7	207.709	0.702
25	 7	 0	214.864	0.329
25	 7	 1	213.779	0.317
25	 7	 2	212.820	0.340
25	 7	 3	211.806	0.543
25	 7	 4	210.825	0.498
25	 7	 5	209.788	0.395
25	 7	 6	208.867	0.517
25	 7	 7	207.648	0.659
26	 0	 0	225.952	0.365
26	 0	 1	224.842	0.457
26	 0	 2	223.935	0.429
26	 0	 3	222.932	0.477
26	 0	 4	221.840	0.494
26	 0	 5	220.841	0.441
26	 0	 6	219.842	0.457
26	 0	 7	218.884	0.542
26	 1	 0	225.997	0.307
26	 1	 1	224.842	0.422
26	 1	 2	223.864	0.404
26	 1	 3	222.906	0.444
26	 1	 4	221.934	0.504
26	 1	 5	220.856	0.386
26	 1	 6	219.828	0.415
26	 1	 7	218.733	0.568
26	 2	 0	225.982	0.327
26	 2	 1	224.844	0.357
26	 2	 2	223.870	0.357
26	 2	 3	222.783	0.416
26	 2	 4	221.888	0.467
26	 2	 5	220.761	0.342
26	 2	 6	219.791	0.356
26	 2	 7	218.783	0.644
26	 3	 0	225.909	0.295
26	 3	 1	224.818	0.318
26	 3	 2	223.923	0.320
26	 3	 3	222.864	0.441
26	 3	 4	221.884	0.405
26	 3	 5	220.840	0.326
26	 3	 6	219.883	0.342
26	 3	 7	218.809	0.598
26	 4	 0	225.952	0.306
26	 4	 1	224.798	0.325
26	 4	 2	223.882	0.321
26	 4	 3	222.794	0.423
26	 4	 4	221.878	0.406
26	 4	 5	220.859	0.313
26	 4	 6	219.836	0.354
26	 4	 7	218.811	0.604
26	 5	 0	225.863	0.281
26	 5	 1	224.905	0.329
26	 5	 2	223.917	0.299
26	 5	 3	222.889	0.433
26	 5	 4	221.898	0.413
26	 5	 5	220.849	0.278
26	 5	 6	219.818	0.406
26	 5	 7	218.761	0.616
26	 6	 0	225.828	0.301
26	 6	 1	224.887	0.250
26	 6	 2	223.912	0.297
26	 6	 3	222.831	0.422
26	 6	 4	221.814	0.397
26	 6	 5	220.806	0.313
26	 6	 6	219.844	0.383
26	 6	 7	218.786	0.601
26	 7	 0	225.938	0.323
26	 7	 1	224.874	0.318
26	 7	 2	223.865	0.336
26	 7	 3	222.889	0.429
26	 7	 4	221.855	0.376
26	 7	 5	220.818	0.268
26	 7	 6	219.806	0.385
26	 7	 7	218.793	0.568
27	 0	 0	214.068	0.404
27	 0	 1	213.053	0.485
27	 0	 2	211.911	0.500
27	 0	 3	210.815	0.453
27	 0	 4	209.958	0.564
27	 0	 5	208.961	0.481
27	 0	 6	207.767	0.456
27	 0	 7	206.790	0.564
27	 1	 0	214.091	0.318
27	 1	 1	213.058	0.440
27	 1	 2	211.975	0.433
27	 1	 3	210.790	0.390
27	 1	 4	209.965	0.531
27	 1	 5	208.946	0.468
27	 1	 6	207.925	0.427
27	 1	 7	206.804	0.547
27	 2	 0	213.966	0.308
27	 2	 1	212.971	0.355
27	 2	 2	211.988	0.370
27	 2	 3	210.892	0.472
27	 2	 4	210.008	0.469
27	 2	 5	208.953	0.393
27	 2	 6	207.968	0.412
27	 2	 7	206.794	0.669
27	 3	 0	213.944	0.324
27	 3	 1	213.087	0.323
27	 3	 2	211.919	0.336
27	 3	 3	210.910	0.441
27	 3	 4	209.883	0.423
27	 3	 5	208.819	0.326
27	 3	 6	207.761	0.342
27	 3	 7	206.744	0.674
27	 4	 0	214.010	0.304
27	 4	 1	212.896	0.328
27	 4	 2	212.059	0.306
27	 4	 3	210.775	0.396
27	 4	 4	209.910	0.442
27	 4	 5	208.884	0.366
27	 4	 6	207.944	0.384
27	 4	 7	206.653	0.587
27	 5	 0	214.075	0.310
27	 5	 1	212.883	0.321
27	 5	 2	211.902	0.368
27	 5	 3	210.809	0.456
27	 5	 4	209.813	0.411
27	 5	 5	208.843	0.319
27	 5	 6	207.891	0.340
27	 5	 7	206.697	0.621
27	 6	 0	213.980	0.341
27	 6	 1	212.939	0.305
27	 6	 2	211.875	0.330
27	 6	 3	210.784	0.367
27	 6	 4	209.874	0.414
27	 6	 5	208.913	0.345
27	 6	 6	207.864	0.405
27	 6	 7	206.781	0.678
27	 7	 0	214.038	0.275
27	 7	 1	212.982	0.304
27	 7	 2	211.873	0.287
27	 7	 3	210.809	0.377
27	 7	 4	210.006	0.446
27	 7	 5	208.957	0.316
27	 7	 6	207.881	0.397
27	 7	 7	206.884	0.621
28	 0	 0	212.266	0.375
28	 0	 1	211.245	0.437
28	 0	 2	210.164	0.459
28	 0	 3	209.019	0.455
28	 0	 4	208.078	0.474
28	 0	 5	207.004	0.461
28	 0	 6	206.150	0.463
28	 0	 7	205.091	0.471
28	 1	 0	212.284	0.368
28	 1	 1	211.259	0.388
28	 1	 2	210.140	0.375
28	 1	 3	209.064	0.368
28	 1	 4	208.083	0.439
28	 1	 5	207.128	0.368
28	 1	 6	206.138	0.365
28	 1	 7	205.093	0.525
28	 2	 0	212.274	0.339
28	 2	 1	211.264	0.351
28	 2	 2	210.127	0.322
28	 2	 3	208.991	0.406
28	 2	 4	208.080	0.392
28	 2	 5	207.131	0.327
28	 2	 6	206.146	0.372
28	 2	 7	205.061	0.628
28	 3	 0	212.282	0.327
28	 3	 1	211.241	0.326
28	 3	 2	210.110	0.289
28	 3	 3	209.032	0.398
28	 3	 4	208.060	0.338
28	 3	 5	207.113	0.308
28	 3	 6	206.104	0.391
28	 3	 7	205.115	0.635
28	 4	 0	212.310	0.339
28	 4	 1	211.212	0.327
28	 4	 2	210.112	0.313
28	 4	 3	209.013	0.407
28	 4	 4	208.103	0.363
28	 4	 5	207.139	0.281
28	 4	 6	206.109	0.375
28	 4	 7	205.124	0.540
28	 5	 0	212.313	0.313
28	 5	 1	211.277	0.305
28	 5	 2	210.073	0.322
28	 5	 3	208.990	0.410
28	 5	 4	208.087	0.393
28	 5	 5	207.128	0.285
28	 5	 6	206.155	0.380
28	 5	 7	205.137	0.561
28	 6	 0	212.338	0.309
28	 6	 1	211.122	0.320
28	 6	 2	210.134	0.336
28	 6	 3	209.016	0.411
28	 6	 4	208.118	0.389
28	 6	 5	207.163	0.325
28	 6	 6	206.150	0.359
28	 6	 7	205.079	0.543
28	 7	 0	212.369	0.316
28	 7	 1	211.131	0.317
28	 7	 2	210.155	0.319
28	 7	 3	208.979	0.394
28	 7	 4	208.084	0.380
28	 7	 5	207.137	0.300
28	 7	 6	206.145	0.379
28	 7	 7	205.032	0.552
29	 0	 0	224.263	0.369
29	 0	 1	223.168	0.418
29	 0	 2	222.247	0.381
29	 0	 3	221.093	0.411
29	 0	 4	220.115	0.366
29	 0	 5	219.120	0.336
29	 0	 6	218.165	0.365
29	 0	 7	217.173	0.420
29	 1	 0	224.257	0.314
29	 1	 1	223.139	0.353
29	 1	 2	222.170	0.303
29	 1	 3	221.140	0.324
29	 1	 4	220.166	0.340
29	 1	 5	219.128	0.338
29	 1	 6	218.145	0.299
29	 1	 7	217.145	0.451
29	 2	 0	224.222	0.323
29	 2	 1	223.165	0.315
29	 2	 2	222.208	0.323
29	 2	 3	221.137	0.315
29	 2	 4	220.133	0.327
29	 2	 5	219.116	0.246
29	 2	 6	218.158	0.273
29	 2	 7	217.172	0.459
29	 3	 0	224.256	0.296
29	 3	 1	223.128	0.253
29	 3	 2	222.240	0.303
29	 3	 3	221.123	0.330
29	 3	 4	220.109	0.324
29	 3	 5	219.108	0.310
29	 3	 6	218.160	0.326
29	 3	 7	217.143	0.461
29	 4	 0	224.239	0.278
29	 4	 1	223.165	0.290
29	 4	 2	222.186	0.264
29	 4	 3	221.128	0.328
29	 4	 4	220.134	0.315
29	 4	 5	219.078	0.273
29	 4	 6	218.163	0.292
29	 4	 7	217.156	0.428
29	 5	 0	224.193	0.266
29	 5	 1	223.156	0.293
29	 5	 2	222.201	0.325
29	 5	 3	221.084	0.321
29	 5	 4	220.155	0.308
29	 5	 5	219.106	0.292
29	 5	 6	218.158	0.273
29	 5	 7	217.117	0.419
29	 6	 0	224.200	0.292
29	 6	 1	223.174	0.287
29	 6	 2	222.190	0.296
29	 6	 3	221.069	0.347
29	 6	 4	220.144	0.280
29	 6	 5	219.066	0.304
29	 6	 6	218.166	0.291
29	 6	 7	217.164	0.379
29	 7	 0	224.229	0.314
29	 7	 1	223.145	0.297
29	 7	 2	222.200	0.311
29	 7	 3	221.115	0.308
29	 7	 4	220.138	0.282
29	 7	 5	219.079	0.253
29	 7	 6	218.153	0.309
29	 7	 7	217.128	0.406
30	 0	 0	226.229	0.337
30	 0	 1	225.193	0.381
30	 0	 2	224.174	0.398
30	 0	 3	223.111	0.354
30	 0	 4	222.195	0.356
30	 0	 5	221.114	0.346
30	 0	 6	220.215	0.320
30	 0	 7	219.128	0.349
30	 1	 0	226.214	0.305
30	 1	 1	225.136	0.317
30	 1	 2	224.213	0.320
30	 1	 3	223.105	0.325
30	 1	 4	222.258	0.350
30	 1	 5	221.105	0.295
30	 1	 6	220.209	0.315
30	 1	 7	219.135	0.409
30	 2	 0	226.257	0.296
30	 2	 1	225.108	0.291
30	 2	 2	224.243	0.326
30	 2	 3	223.109	0.309
30	 2	 4	222.206	0.316
30	 2	 5	221.161	0.275
30	 2	 6	220.189	0.283
30	 2	 7	219.139	0.385
30	 3	 0	226.212	0.287
30	 3	 1	225.101	0.292
30	 3	 2	224.225	0.322
30	 3	 3	223.095	0.261
30	 3	 4	222.178	0.286
30	 3	 5	221.072	0.255
30	 3	 6	220.200	0.279
30	 3	 7	219.173	0.357
30	 4	 0	226.206	0.276
30	 4	 1	225.118	0.306
30	 4	 2	224.212	0.314
30	 4	 3	223.169	0.289
30	 4	 4	222.161	0.334
30	 4	 5	221.115	0.290
30	 4	 6	220.224	0.301
30	 4	 7	219.158	0.368
30	 5	 0	226.237	0.288
30	 5	 1	225.104	0.255
30	 5	 2	224.214	0.286
30	 5	 3	223.146	0.298
30	 5	 4	222.149	0.311
30	 5	 5	221.131	0.316
30	 5	 6	220.236	0.317
30	 5	 7	219.156	0.358
30	 6	 0	226.239	0.303
30	 6	 1	225.066	0.301
30	 6	 2	224.204	0.309
30	 6	 3	223.158	0.317
30	 6	 4	222.203	0.337
30	 6	 5	221.104	0.293
30	 6	 6	220.239	0.322
30	 6	 7	219.183	0.318
30	 7	 0	226.249	0.318
30	 7	 1	225.125	0.330
30	 7	 2	224.214	0.305
30	 7	 3	223.143	0.298
30	 7	 4	222.208	0.329
30	 7	 5	221.093	0.343
30	 7	 6	220.167	0.303
30	 7	 7	219.133	0.330
31	 0	 0	217.790	0.355
31	 0	 1	216.802	0.390
31	 0	 2	215.837	0.381
31	 0	 3	214.862	0.376
31	 0	 4	213.916	0.352
31	 0	 5	212.875	0.387
31	 0	 6	211.940	0.362
31	 0	 7	210.872	0.342
31	 1	 0	217.842	0.327
31	 1	 1	216.838	0.305
31	 1	 2	215.820	0.352
31	 1	 3	214.807	0.335
31	 1	 4	213.857	0.279
31	 1	 5	212.926	0.321
31	 1	 6	211.953	0.339
31	 1	 7	210.845	0.411
31	 2	 0	217.841	0.294
31	 2	 1	216.811	0.323
31	 2	 2	215.889	0.291
31	 2	 3	214.762	0.296
31	 2	 4	213.911	0.319
31	 2	 5	212.918	0.333
31	 2	 6	211.921	0.320
31	 2	 7	210.829	0.436
31	 3	 0	217.789	0.256
31	 3	 1	216.763	0.317
31	 3	 2	215.878	0.307
31	 3	 3	214.816	0.325
31	 3	 4	213.905	0.294
31	 3	 5	212.891	0.264
31	 3	 6	211.895	0.249
31	 3	 7	210.889	0.442
31	 4	 0	217.836	0.271
31	 4	 1	216.813	0.283
31	 4	 2	215.855	0.281
31	 4	 3	214.781	0.318
31	 4	 4	213.898	0.292
31	 4	 5	212.936	0.304
31	 4	 6	211.904	0.315
31	 4	 7	210.849	0.392
31	 5	 0	217.821	0.287
31	 5	 1	216.807	0.294
31	 5	 2	215.896	0.247
31	 5	 3	214.798	0.291
31	 5	 4	213.943	0.312
31	 5	 5	212.935	0.304
31	 5	 6	211.903	0.314
31	 5	 7	210.802	0.374
31	 6	 0	217.851	0.297
31	 6	 1	216.837	0.273
31	 6	 2	215.863	0.283
31	 6	 3	214.824	0.311
31	 6	 4	213.926	0.300
31	 6	 5	212.889	0.309
31	 6	 6	211.899	0.327
31	 6	 7	210.849	0.407
31	 7	 0	217.813	0.264
31	 7	 1	216.803	0.292
31	 7	 2	215.924	0.274
31	 7	 3	214.817	0.308
31	 7	 4	213.925	0.338
31	 7	 5	212.897	0.312
31	 7	 6	211.911	0.305
31	 7	 7	210.863	0.367
