GAIN AT LOW ENERGIES
-----------------------------------------------------------------
Linear Fit in range [50 - 100] DAC_inj code
Cubic Fit in range [0 - 500] DAC_inj code
-----------------------------------------------------------------
INDEX
l_g_m: Gain obtained with linear fit and mean values
l_i_m: Intercept obtained with linear fit and mean values
l_r2_m: R^2 obtained with linear fit and mean values
l_rs_m: Residuals obtained with linear fit and mean values
l_g_mwo: Gain obtained with linear fit and mean values without outliers
l_i_mwo: Intercept obtained with linear fit and mean values without outliers
l_r2_mwo: R^2 obtained with linear fit and mean values without outliers
l_rs_mwo: Residuals obtained with linear fit and mean values without outliers
3_g_m: Gain obtained in x=0 with cubic fit and mean values
3_i_m: Intercept obtained with cubic fit and mean values
3_r2_m: Adjusted R^2 (adjusted for cubic fit) obtained with cubic fit and mean values
3_rs_m: Residuals obtained with cubic fit and mean values
3_g_mwo: Gain obtained in x=0 with cubic fit and mean values without outliers
3_i_mwo: Intercept obtained with cubic fit and mean values without outliers
3_r2_mwo: Adjusted R^2 (adjusted for cubic fit) obtained with cubic fit and mean values without outliers
3_rs_mwo: Residuals obtained with cubic fit and mean values without outliers
-----------------------------------------------------------------
ch	pt	l_g_m	l_i_m	l_r2_m	l_rs_m	l_g_mwo	l_i_mwo	l_r2_mwo	l_rs_mwo	3_g_m	3_i_m	3_r2_m	3_rs_m	3_g_mwo	3_i_mwo	3_r2_mwo	3_rs_mwo
 0	 0	1.066	164.260	0.9997	0.415	1.066	164.261	0.9995	0.540	1.217	160.437	1.0000	1.165	1.213	160.575	1.0000	1.206
 0	 1	0.954	163.700	0.9998	0.267	0.959	163.345	0.9998	0.306	1.059	161.003	0.9966	1.084	1.056	161.153	0.9966	1.106
 0	 2	0.915	162.485	0.9999	0.207	0.916	162.461	0.9999	0.206	1.005	160.069	0.9970	0.961	1.005	160.020	0.9974	0.933
 0	 3	0.901	161.590	0.9998	0.308	0.901	161.590	0.9998	0.308	0.976	159.914	0.9974	1.113	0.976	159.917	0.9975	1.119
 0	 4	0.889	160.880	1.0000	0.139	0.889	160.880	1.0000	0.139	0.954	159.553	0.9973	0.895	0.957	159.457	0.9973	0.983
 0	 5	0.853	161.415	1.0000	0.035	0.853	161.415	1.0000	0.035	0.913	159.700	0.9976	0.895	0.915	159.561	0.9977	0.759
 0	 6	0.835	161.095	1.0000	0.118	0.835	161.095	1.0000	0.118	0.890	159.480	0.9978	1.013	0.891	159.416	0.9982	1.012
 0	 7	0.812	161.655	0.9998	0.233	0.812	161.655	0.9998	0.233	0.881	159.171	0.9980	0.667	0.881	159.156	0.9980	0.686
 1	 0	1.129	161.595	0.9998	0.345	1.130	161.523	0.9999	0.271	1.364	153.310	1.0000	1.405	1.365	153.320	1.0000	1.184
 1	 1	1.049	158.525	0.9999	0.234	1.050	158.408	0.9999	0.249	1.208	153.735	0.9963	0.715	1.209	153.715	0.9963	0.760
 1	 2	0.996	158.170	0.9997	0.381	0.996	158.194	0.9998	0.340	1.144	153.114	0.9970	0.969	1.144	153.097	0.9970	1.011
 1	 3	0.974	157.550	0.9997	0.377	0.975	157.418	0.9997	0.405	1.116	152.550	0.9972	1.008	1.118	152.475	0.9973	1.141
 1	 4	0.984	154.875	0.9999	0.174	0.984	154.823	1.0000	0.133	1.094	152.106	0.9974	0.930	1.094	152.057	0.9976	0.922
 1	 5	0.937	156.265	0.9998	0.265	0.937	156.265	0.9998	0.265	1.057	152.015	0.9974	1.074	1.054	152.116	0.9975	1.110
 1	 6	0.915	156.085	0.9998	0.258	0.915	156.034	0.9998	0.297	1.030	151.845	0.9974	0.859	1.030	151.835	0.9979	0.925
 1	 7	0.903	155.560	0.9995	0.449	0.903	155.560	0.9995	0.449	1.017	151.273	0.9978	1.021	1.017	151.253	0.9979	1.023
 2	 0	0.998	151.895	0.9999	0.192	1.001	151.747	0.9999	0.201	1.242	142.719	1.0000	1.010	1.240	142.849	1.0000	0.866
 2	 1	0.947	148.190	0.9996	0.412	0.948	148.101	0.9997	0.384	1.116	142.484	0.9961	0.726	1.116	142.451	0.9961	0.643
 2	 2	0.898	148.505	1.0000	0.080	0.898	148.505	1.0000	0.080	1.070	141.954	0.9965	0.678	1.069	141.972	0.9965	0.663
 2	 3	0.888	147.405	0.9995	0.463	0.888	147.405	0.9995	0.463	1.048	141.506	0.9969	0.660	1.049	141.485	0.9971	0.671
 2	 4	0.869	147.335	1.0000	0.057	0.864	147.637	1.0000	0.053	1.030	141.008	0.9968	0.755	1.029	140.989	0.9968	0.665
 2	 5	0.845	147.340	0.9999	0.152	0.845	147.340	0.9999	0.152	1.002	140.941	0.9971	0.770	1.001	140.970	0.9974	0.769
 2	 6	0.836	146.510	1.0000	0.033	0.836	146.510	1.0000	0.033	0.984	140.656	0.9971	0.704	0.984	140.672	0.9973	0.687
 2	 7	0.830	145.885	0.9995	0.404	0.830	145.885	0.9995	0.404	0.965	140.518	0.9976	0.853	0.966	140.428	0.9976	0.988
 3	 0	1.259	96.365	0.9998	0.351	1.261	96.273	0.9999	0.325	1.500	89.260	0.9999	2.067	1.501	89.265	0.9999	2.042
 3	 1	1.158	94.490	0.9998	0.392	1.159	94.382	0.9998	0.385	1.296	91.702	0.9961	1.953	1.295	91.733	0.9961	2.025
 3	 2	1.110	94.220	1.0000	0.045	1.110	94.220	1.0000	0.045	1.237	91.569	0.9967	1.662	1.238	91.530	0.9966	1.678
 3	 3	1.065	94.980	1.0000	0.146	1.058	95.558	1.0000	0.128	1.197	91.360	0.9971	1.576	1.197	91.375	0.9973	1.498
 3	 4	1.052	93.285	0.9998	0.356	1.050	93.431	0.9999	0.278	1.156	91.346	0.9970	1.808	1.158	91.273	0.9970	1.753
 3	 5	1.007	94.095	0.9999	0.275	1.007	94.095	0.9999	0.275	1.105	91.571	0.9972	1.753	1.103	91.621	0.9973	1.759
 3	 6	0.989	93.080	1.0000	0.102	0.991	92.980	1.0000	0.116	1.074	91.162	0.9974	1.441	1.074	91.185	0.9977	1.411
 3	 7	0.972	92.955	1.0000	0.025	0.972	92.955	1.0000	0.025	1.055	90.832	0.9977	1.062	1.052	90.894	0.9977	1.027
 4	 0	1.167	143.050	1.0000	0.172	1.156	143.857	1.0000	0.060	1.473	131.719	1.0000	1.347	1.471	131.866	1.0000	1.384
 4	 1	1.069	140.395	0.9999	0.291	1.072	140.142	0.9999	0.269	1.262	133.585	0.9964	0.771	1.262	133.614	0.9964	0.804
 4	 2	1.022	139.575	1.0000	0.054	1.021	139.680	1.0000	0.117	1.217	132.044	0.9968	0.891	1.218	131.953	0.9968	0.910
 4	 3	0.996	138.565	0.9998	0.312	0.996	138.565	0.9998	0.312	1.173	131.752	0.9971	0.861	1.174	131.700	0.9973	0.852
 4	 4	0.987	137.265	0.9999	0.238	0.987	137.265	0.9999	0.238	1.152	130.942	0.9970	0.700	1.151	130.968	0.9970	0.711
 4	 5	0.959	136.835	0.9999	0.214	0.957	136.934	0.9999	0.222	1.101	131.114	0.9974	0.871	1.099	131.162	0.9977	0.870
 4	 6	0.932	136.805	0.9996	0.393	0.932	136.830	0.9997	0.351	1.089	130.097	0.9973	0.964	1.090	130.095	0.9973	0.906
 4	 7	0.928	135.500	0.9996	0.402	0.928	135.500	0.9996	0.402	1.058	130.263	0.9977	0.797	1.056	130.309	0.9978	0.798
 5	 0	1.092	169.215	0.9997	0.391	1.091	169.295	0.9997	0.418	1.347	160.435	1.0000	1.476	1.347	160.435	1.0000	1.421
 5	 1	1.017	165.425	0.9999	0.175	1.020	165.155	0.9999	0.195	1.180	160.530	0.9961	1.148	1.182	160.442	0.9961	1.158
 5	 2	0.965	164.890	0.9997	0.348	0.962	165.072	0.9997	0.398	1.127	159.406	0.9966	0.865	1.125	159.499	0.9970	0.786
 5	 3	0.967	162.555	0.9998	0.274	0.966	162.580	0.9999	0.234	1.102	158.793	0.9970	0.975	1.102	158.763	0.9973	0.954
 5	 4	0.935	163.230	0.9999	0.232	0.935	163.230	0.9999	0.232	1.080	158.404	0.9970	0.550	1.080	158.434	0.9971	0.546
 5	 5	0.905	163.185	0.9999	0.147	0.905	163.185	0.9999	0.147	1.047	158.163	0.9972	0.779	1.047	158.189	0.9972	0.822
 5	 6	0.885	163.000	1.0000	0.093	0.886	162.876	1.0000	0.090	1.018	158.014	0.9973	0.590	1.018	157.990	0.9973	0.586
 5	 7	0.888	161.445	1.0000	0.069	0.887	161.473	1.0000	0.039	1.004	157.565	0.9976	0.681	1.004	157.571	0.9978	0.740
 6	 0	1.158	148.495	0.9995	0.559	1.152	148.838	0.9989	0.845	1.417	139.939	1.0000	1.445	1.412	140.158	1.0000	1.376
 6	 1	1.056	145.435	0.9994	0.581	1.053	145.712	0.9994	0.592	1.217	140.642	0.9963	1.067	1.218	140.596	0.9963	1.016
 6	 2	1.002	145.110	1.0000	0.022	1.004	144.907	1.0000	0.046	1.168	139.456	0.9969	0.869	1.168	139.428	0.9970	0.934
 6	 3	0.968	145.000	0.9998	0.337	0.968	144.984	0.9998	0.332	1.136	138.575	0.9971	0.756	1.138	138.523	0.9973	0.714
 6	 4	0.947	144.510	0.9996	0.421	0.947	144.528	0.9996	0.429	1.102	138.515	0.9971	0.899	1.101	138.544	0.9972	0.812
 6	 5	0.924	143.560	0.9999	0.237	0.919	143.922	0.9998	0.263	1.055	138.431	0.9974	0.532	1.051	138.518	0.9974	0.625
 6	 6	0.900	143.735	0.9999	0.177	0.900	143.762	0.9999	0.222	1.041	137.824	0.9974	0.722	1.040	137.850	0.9975	0.742
 6	 7	0.876	143.710	0.9996	0.375	0.876	143.710	0.9996	0.375	1.012	137.619	0.9979	1.085	1.020	137.193	0.9978	1.002
 7	 0	1.200	155.245	0.9998	0.344	1.194	155.699	0.9998	0.390	1.484	145.430	1.0000	1.960	1.485	145.436	1.0000	1.850
 7	 1	1.074	152.745	0.9996	0.491	1.075	152.630	0.9995	0.558	1.268	146.209	0.9964	0.896	1.268	146.188	0.9964	0.952
 7	 2	1.026	151.375	0.9999	0.229	1.023	151.657	0.9999	0.167	1.205	145.122	0.9967	0.734	1.203	145.197	0.9975	0.615
 7	 3	0.998	150.595	0.9999	0.211	0.997	150.651	0.9999	0.252	1.160	144.697	0.9974	0.202	1.161	144.660	0.9975	0.317
 7	 4	0.970	150.530	1.0000	0.038	0.967	150.754	1.0000	0.061	1.135	144.210	0.9973	0.772	1.131	144.394	0.9973	0.715
 7	 5	0.963	148.255	0.9999	0.262	0.970	147.722	0.9997	0.350	1.100	143.498	0.9974	0.737	1.101	143.449	0.9978	0.876
 7	 6	0.923	149.035	0.9999	0.148	0.925	148.845	0.9999	0.235	1.063	143.487	0.9974	0.835	1.061	143.538	0.9974	0.885
 7	 7	0.916	147.795	0.9999	0.218	0.916	147.795	0.9999	0.218	1.040	143.071	0.9978	0.556	1.040	143.075	0.9979	0.615
 8	 0	1.042	157.325	0.9999	0.267	1.039	157.496	0.9997	0.425	1.297	148.324	1.0000	1.373	1.292	148.674	1.0000	1.421
 8	 1	0.969	154.535	0.9999	0.248	0.974	154.114	1.0000	0.097	1.144	148.699	0.9964	0.812	1.145	148.636	0.9964	0.997
 8	 2	0.915	155.005	0.9996	0.402	0.912	155.174	0.9996	0.432	1.090	148.260	0.9968	0.789	1.088	148.310	0.9968	0.887
 8	 3	0.906	153.985	0.9997	0.377	0.904	154.101	0.9996	0.422	1.063	148.088	0.9972	0.585	1.064	148.068	0.9975	0.724
 8	 4	0.889	153.660	0.9999	0.201	0.892	153.507	0.9999	0.171	1.044	147.714	0.9971	0.775	1.049	147.517	0.9971	0.741
 8	 5	0.884	152.190	0.9998	0.264	0.887	151.966	0.9999	0.198	1.023	147.309	0.9972	0.807	1.023	147.256	0.9973	0.813
 8	 6	0.863	152.425	0.9999	0.204	0.861	152.591	0.9999	0.172	1.012	146.719	0.9973	0.774	1.008	146.949	0.9974	0.747
 8	 7	0.854	152.165	0.9994	0.477	0.853	152.118	0.9994	0.477	1.000	146.528	0.9977	0.807	0.995	146.639	0.9977	0.716
 9	 0	1.052	151.685	1.0000	0.104	1.050	151.873	1.0000	0.163	1.274	144.510	1.0000	1.031	1.275	144.549	1.0000	0.837
 9	 1	0.952	151.430	0.9999	0.197	0.953	151.324	0.9999	0.220	1.141	144.240	0.9960	0.451	1.142	144.167	0.9963	0.388
 9	 2	0.926	149.975	0.9999	0.229	0.930	149.729	0.9998	0.280	1.089	144.079	0.9966	0.697	1.087	144.187	0.9970	0.954
 9	 3	0.921	148.585	0.9998	0.282	0.921	148.554	0.9999	0.245	1.065	143.743	0.9972	0.606	1.067	143.678	0.9972	0.657
 9	 4	0.886	149.665	0.9999	0.196	0.881	149.961	0.9998	0.277	1.053	143.040	0.9971	0.603	1.049	143.173	0.9971	0.815
 9	 5	0.879	148.430	0.9993	0.508	0.879	148.424	0.9995	0.449	1.021	143.014	0.9972	0.788	1.021	143.008	0.9974	0.710
 9	 6	0.874	147.350	0.9999	0.236	0.875	147.340	0.9999	0.152	1.016	142.163	0.9972	0.488	1.018	142.089	0.9972	0.497
 9	 7	0.870	146.450	0.9997	0.354	0.871	146.402	0.9996	0.368	1.003	141.743	0.9974	0.847	1.000	141.742	0.9975	0.977
10	 0	1.218	144.110	0.9997	0.494	1.216	144.159	0.9997	0.431	1.454	136.879	1.0000	1.358	1.447	137.119	1.0000	1.331
10	 1	1.116	141.775	1.0000	0.037	1.114	141.922	1.0000	0.015	1.266	137.509	0.9965	1.432	1.267	137.525	0.9968	1.343
10	 2	1.035	143.010	0.9999	0.275	1.037	142.842	0.9999	0.209	1.209	136.341	0.9969	0.947	1.210	136.278	0.9970	1.101
10	 3	1.014	141.810	1.0000	0.123	1.016	141.701	1.0000	0.123	1.160	136.357	0.9976	0.846	1.161	136.327	0.9975	1.000
10	 4	0.989	141.690	0.9999	0.245	0.988	141.738	0.9999	0.219	1.143	135.536	0.9974	0.753	1.143	135.529	0.9974	0.747
10	 5	0.973	140.115	0.9996	0.426	0.973	140.090	0.9996	0.423	1.090	135.742	0.9976	1.219	1.087	135.835	0.9976	1.153
10	 6	0.948	140.015	0.9998	0.315	0.946	140.175	0.9998	0.283	1.077	134.814	0.9976	0.751	1.082	134.569	0.9975	0.963
10	 7	0.920	140.520	1.0000	0.117	0.916	140.869	0.9999	0.205	1.054	134.627	0.9979	0.758	1.053	134.617	0.9979	0.868
11	 0	1.100	123.530	0.9997	0.394	1.102	123.311	0.9997	0.394	1.365	113.557	0.9999	1.015	1.362	113.690	0.9999	0.864
11	 1	1.041	119.415	0.9997	0.435	1.047	118.897	0.9994	0.557	1.190	114.818	0.9964	1.224	1.188	114.857	0.9966	1.402
11	 2	1.007	118.045	0.9993	0.607	1.008	117.993	0.9991	0.692	1.137	114.289	0.9967	1.349	1.138	114.285	0.9971	1.392
11	 3	0.986	117.185	0.9990	0.686	0.984	117.398	0.9990	0.705	1.105	113.780	0.9971	1.626	1.108	113.692	0.9972	1.596
11	 4	0.961	117.580	0.9986	0.806	0.963	117.426	0.9984	0.861	1.094	113.303	0.9970	1.361	1.094	113.297	0.9972	1.376
11	 5	0.959	115.660	0.9998	0.272	0.959	115.669	0.9998	0.307	1.058	113.281	0.9972	1.634	1.058	113.301	0.9973	1.655
11	 6	0.956	114.240	0.9996	0.411	0.956	114.225	0.9997	0.393	1.035	113.031	0.9972	1.241	1.032	113.102	0.9973	1.190
11	 7	0.931	114.740	0.9999	0.171	0.927	115.062	0.9999	0.222	1.018	112.778	0.9975	1.154	1.016	112.876	0.9977	1.064
12	 0	0.973	151.430	0.9996	0.427	0.974	151.380	0.9994	0.520	1.183	143.951	1.0000	1.073	1.182	144.035	1.0000	1.085
12	 1	0.918	148.865	0.9999	0.212	0.918	148.817	0.9999	0.175	1.068	143.943	0.9962	0.895	1.068	143.901	0.9963	0.961
12	 2	0.865	150.240	1.0000	0.106	0.865	150.240	1.0000	0.106	1.037	143.342	0.9966	0.806	1.038	143.286	0.9965	0.787
12	 3	0.867	148.475	0.9998	0.284	0.867	148.475	0.9998	0.284	1.018	142.983	0.9969	0.600	1.015	143.061	0.9971	0.629
12	 4	0.847	148.765	0.9995	0.415	0.850	148.596	0.9996	0.393	1.005	142.632	0.9968	0.677	1.007	142.568	0.9968	0.682
12	 5	0.843	147.570	1.0000	0.015	0.843	147.570	1.0000	0.015	0.978	142.644	0.9971	0.731	0.976	142.702	0.9973	0.681
12	 6	0.819	148.510	0.9998	0.265	0.817	148.630	0.9997	0.295	0.971	142.259	0.9971	0.912	0.969	142.313	0.9972	0.926
12	 7	0.808	148.395	0.9998	0.247	0.807	148.421	0.9998	0.285	0.952	142.384	0.9975	0.898	0.952	142.353	0.9976	0.891
13	 0	1.177	159.830	0.9999	0.203	1.182	159.450	0.9999	0.262	1.408	152.246	1.0000	1.253	1.407	152.293	1.0000	1.224
13	 1	1.080	157.325	0.9999	0.249	1.080	157.348	0.9999	0.234	1.254	151.734	0.9965	0.749	1.252	151.846	0.9970	0.777
13	 2	1.022	157.190	1.0000	0.099	1.021	157.264	1.0000	0.118	1.188	151.024	0.9967	0.840	1.189	150.948	0.9967	0.833
13	 3	1.003	156.140	0.9997	0.380	1.003	156.143	0.9997	0.375	1.149	150.844	0.9975	0.711	1.149	150.787	0.9978	0.634
13	 4	0.986	155.155	0.9996	0.414	0.987	154.988	0.9998	0.311	1.127	150.035	0.9973	0.815	1.127	150.046	0.9973	0.845
13	 5	0.992	152.495	0.9999	0.184	0.996	152.197	0.9999	0.207	1.103	149.328	0.9974	0.825	1.105	149.187	0.9976	0.911
13	 6	0.957	153.175	0.9998	0.271	0.962	152.744	0.9998	0.308	1.074	149.137	0.9975	0.711	1.074	149.111	0.9977	0.748
13	 7	0.941	152.755	0.9990	0.661	0.939	152.974	0.9990	0.668	1.047	149.088	0.9979	1.063	1.045	149.167	0.9980	1.065
14	 0	1.010	163.150	0.9998	0.316	1.009	163.199	0.9998	0.321	1.242	154.584	1.0000	1.068	1.241	154.591	1.0000	1.095
14	 1	0.954	160.185	1.0000	0.142	0.954	160.247	0.9999	0.218	1.115	154.934	0.9962	0.657	1.116	154.936	0.9963	0.653
14	 2	0.934	158.890	0.9996	0.406	0.934	158.920	0.9997	0.357	1.079	154.197	0.9965	0.715	1.074	154.372	0.9967	0.579
14	 3	0.921	157.935	0.9992	0.568	0.924	157.719	0.9993	0.554	1.050	154.075	0.9971	0.868	1.051	154.041	0.9974	0.919
14	 4	0.897	158.225	1.0000	0.127	0.897	158.176	1.0000	0.140	1.034	153.610	0.9971	0.891	1.033	153.652	0.9971	0.978
14	 5	0.880	158.030	0.9998	0.287	0.876	158.307	0.9997	0.326	1.008	153.626	0.9973	0.848	1.006	153.710	0.9973	0.928
14	 6	0.874	157.500	0.9995	0.428	0.874	157.374	0.9996	0.384	1.008	152.887	0.9972	0.637	1.005	153.060	0.9974	0.909
14	 7	0.856	157.575	0.9999	0.225	0.857	157.539	0.9999	0.186	0.992	152.516	0.9976	0.756	0.992	152.530	0.9976	0.907
15	 0	1.147	147.345	0.9999	0.296	1.146	147.386	0.9999	0.302	1.404	138.347	1.0000	1.295	1.405	138.288	1.0000	1.184
15	 1	1.050	145.840	0.9999	0.213	1.047	146.074	0.9999	0.226	1.239	138.908	0.9964	0.875	1.240	138.886	0.9964	0.965
15	 2	1.008	144.800	0.9999	0.201	1.013	144.503	0.9999	0.255	1.189	137.899	0.9967	0.761	1.188	137.950	0.9968	0.920
15	 3	1.009	142.585	0.9992	0.619	1.010	142.488	0.9993	0.619	1.158	137.669	0.9972	0.982	1.158	137.643	0.9979	1.041
15	 4	0.963	143.830	0.9996	0.433	0.961	144.049	0.9996	0.410	1.129	137.295	0.9972	0.937	1.127	137.435	0.9972	0.952
15	 5	0.951	142.785	0.9999	0.242	0.952	142.737	0.9997	0.374	1.092	137.290	0.9972	0.687	1.094	137.212	0.9973	0.814
15	 6	0.934	142.445	0.9999	0.166	0.933	142.511	0.9995	0.454	1.069	136.893	0.9975	0.812	1.068	136.929	0.9976	0.901
15	 7	0.915	142.245	0.9993	0.527	0.921	141.739	0.9994	0.483	1.047	136.683	0.9977	1.035	1.049	136.539	0.9977	0.888
16	 0	1.025	159.415	0.9998	0.286	1.027	159.264	0.9998	0.330	1.249	151.775	1.0000	1.022	1.250	151.764	1.0000	1.032
16	 1	0.954	157.005	0.9997	0.351	0.956	156.829	0.9997	0.344	1.115	151.807	0.9965	0.630	1.114	151.807	0.9966	0.708
16	 2	0.923	155.975	0.9999	0.213	0.922	155.996	0.9999	0.205	1.066	151.214	0.9968	0.460	1.066	151.176	0.9968	0.477
16	 3	0.887	156.580	0.9996	0.380	0.885	156.761	0.9995	0.451	1.040	150.808	0.9972	0.513	1.041	150.821	0.9974	0.648
16	 4	0.876	155.675	0.9997	0.329	0.876	155.679	0.9997	0.331	1.025	150.090	0.9969	0.792	1.025	150.110	0.9971	0.778
16	 5	0.864	154.760	0.9999	0.178	0.864	154.812	0.9999	0.142	0.992	150.191	0.9974	0.426	0.992	150.157	0.9975	0.392
16	 6	0.847	154.525	1.0000	0.131	0.846	154.548	1.0000	0.094	0.970	149.924	0.9974	0.473	0.971	149.915	0.9974	0.496
16	 7	0.828	154.665	1.0000	0.064	0.827	154.763	1.0000	0.085	0.958	149.425	0.9976	0.521	0.957	149.402	0.9976	0.512
17	 0	1.040	162.585	0.9999	0.189	1.045	162.134	0.9997	0.373	1.250	155.557	1.0000	1.181	1.248	155.623	1.0000	1.266
17	 1	0.963	160.655	0.9997	0.360	0.963	160.608	0.9996	0.414	1.121	155.413	0.9965	1.093	1.120	155.431	0.9965	1.131
17	 2	0.931	159.540	0.9990	0.644	0.931	159.515	0.9991	0.639	1.085	154.182	0.9967	1.009	1.084	154.264	0.9971	1.015
17	 3	0.925	157.920	0.9999	0.153	0.926	157.798	1.0000	0.120	1.057	153.724	0.9971	0.667	1.058	153.659	0.9971	0.738
17	 4	0.915	157.025	0.9998	0.286	0.913	157.116	0.9998	0.262	1.035	153.345	0.9970	0.661	1.036	153.296	0.9971	0.736
17	 5	0.873	158.020	0.9996	0.380	0.873	158.020	0.9996	0.380	0.994	153.611	0.9974	0.668	0.994	153.554	0.9975	0.727
17	 6	0.857	157.750	0.9998	0.255	0.858	157.677	0.9999	0.212	0.977	153.107	0.9974	0.725	0.978	153.024	0.9974	0.763
17	 7	0.853	156.575	0.9998	0.257	0.852	156.694	0.9998	0.249	0.967	152.475	0.9976	0.408	0.968	152.468	0.9977	0.345
18	 0	1.120	149.635	0.9999	0.300	1.118	149.779	0.9999	0.214	1.370	140.716	1.0000	1.088	1.370	140.699	1.0000	1.048
18	 1	1.054	145.825	0.9999	0.254	1.052	145.950	0.9999	0.232	1.205	141.351	0.9964	0.840	1.208	141.216	0.9965	0.901
18	 2	0.990	147.025	0.9997	0.359	0.990	147.020	0.9997	0.366	1.159	140.601	0.9970	0.893	1.158	140.624	0.9975	0.951
18	 3	1.000	143.690	0.9998	0.318	1.003	143.486	0.9999	0.234	1.131	139.717	0.9972	0.857	1.132	139.696	0.9974	0.846
18	 4	0.957	144.795	0.9995	0.479	0.955	144.915	0.9995	0.464	1.104	139.352	0.9970	0.813	1.105	139.322	0.9970	0.811
18	 5	0.921	145.115	1.0000	0.127	0.921	145.142	0.9999	0.168	1.049	140.026	0.9977	0.985	1.048	140.007	0.9978	0.950
18	 6	0.908	143.990	0.9998	0.298	0.910	143.827	0.9998	0.301	1.027	139.258	0.9976	0.581	1.025	139.340	0.9976	0.553
18	 7	0.897	143.350	0.9995	0.468	0.896	143.375	0.9995	0.468	1.016	138.606	0.9978	0.750	1.016	138.592	0.9977	0.772
19	 0	1.154	183.165	0.9996	0.532	1.152	183.337	0.9997	0.433	1.417	173.146	1.0000	1.052	1.415	173.281	1.0000	0.753
19	 1	1.065	180.100	0.9997	0.395	1.063	180.281	0.9996	0.472	1.241	173.646	0.9965	0.871	1.242	173.591	0.9965	0.956
19	 2	1.046	176.960	0.9994	0.581	1.048	176.764	0.9994	0.586	1.188	172.367	0.9967	1.222	1.187	172.383	0.9969	1.265
19	 3	1.026	175.810	0.9989	0.757	1.028	175.659	0.9987	0.816	1.145	172.157	0.9974	0.985	1.146	172.117	0.9975	0.999
19	 4	1.011	174.680	0.9996	0.464	1.012	174.664	0.9994	0.561	1.132	170.975	0.9971	0.946	1.132	170.989	0.9971	0.991
19	 5	0.978	174.750	1.0000	0.118	0.977	174.844	1.0000	0.132	1.084	171.163	0.9975	1.058	1.084	171.188	0.9977	1.009
19	 6	0.970	173.185	1.0000	0.111	0.971	173.166	1.0000	0.146	1.067	170.325	0.9973	0.823	1.067	170.316	0.9973	0.876
19	 7	0.955	172.560	0.9998	0.265	0.954	172.615	0.9997	0.372	1.039	170.357	0.9979	1.192	1.037	170.411	0.9979	1.244
20	 0	1.154	142.415	0.9996	0.514	1.151	142.643	0.9995	0.560	1.413	133.669	1.0000	1.573	1.418	133.436	1.0000	1.367
20	 1	1.051	140.905	0.9992	0.652	1.050	140.952	0.9992	0.665	1.229	134.813	0.9964	1.007	1.226	134.956	0.9964	1.101
20	 2	0.997	140.680	0.9999	0.267	0.993	141.004	0.9999	0.243	1.174	133.913	0.9968	0.846	1.174	133.890	0.9968	0.851
20	 3	0.978	139.695	0.9994	0.521	0.982	139.502	0.9994	0.541	1.136	133.613	0.9974	0.685	1.136	133.654	0.9974	0.677
20	 4	0.964	138.400	0.9999	0.263	0.965	138.354	0.9999	0.222	1.116	132.509	0.9972	0.789	1.116	132.449	0.9973	0.739
20	 5	0.908	139.855	0.9998	0.291	0.907	139.895	0.9998	0.251	1.072	132.387	0.9974	0.994	1.070	132.431	0.9975	1.009
20	 6	0.901	138.240	1.0000	0.139	0.895	138.804	1.0000	0.140	1.041	132.135	0.9975	0.688	1.041	132.188	0.9976	0.838
20	 7	0.903	136.550	0.9998	0.257	0.903	136.550	0.9998	0.256	1.026	131.477	0.9978	1.047	1.024	131.547	0.9979	0.986
21	 0	1.073	146.980	1.0000	0.168	1.073	146.980	1.0000	0.168	1.327	137.787	1.0000	1.226	1.324	137.891	1.0000	1.118
21	 1	0.979	145.535	0.9997	0.382	0.978	145.530	0.9997	0.373	1.165	138.570	0.9964	0.884	1.168	138.507	0.9964	0.978
21	 2	0.947	144.330	1.0000	0.110	0.946	144.346	1.0000	0.068	1.107	138.236	0.9968	0.763	1.107	138.238	0.9971	0.802
21	 3	0.919	144.545	0.9995	0.447	0.919	144.545	0.9995	0.447	1.091	137.451	0.9971	0.978	1.090	137.496	0.9971	0.909
21	 4	0.918	142.650	1.0000	0.111	0.922	142.366	0.9999	0.146	1.073	136.661	0.9969	0.693	1.074	136.624	0.9972	0.673
21	 5	0.892	142.795	0.9998	0.304	0.895	142.558	0.9997	0.324	1.039	136.898	0.9973	0.751	1.037	136.929	0.9973	0.752
21	 6	0.875	142.255	0.9999	0.191	0.875	142.255	0.9999	0.191	1.021	136.222	0.9973	0.722	1.021	136.164	0.9972	0.871
21	 7	0.865	141.825	0.9999	0.176	0.864	141.942	0.9999	0.157	1.007	135.769	0.9977	1.011	1.005	135.851	0.9977	1.053
22	 0	1.065	170.975	0.9993	0.628	1.066	171.008	0.9991	0.712	1.300	162.793	1.0000	1.362	1.302	162.786	1.0000	1.393
22	 1	1.007	167.395	1.0000	0.029	1.006	167.444	1.0000	0.069	1.150	163.550	0.9963	1.104	1.149	163.615	0.9967	1.012
22	 2	0.949	168.055	0.9999	0.209	0.942	168.534	1.0000	0.110	1.105	162.803	0.9965	1.126	1.104	162.885	0.9967	1.140
22	 3	0.926	167.660	0.9999	0.177	0.925	167.715	0.9999	0.253	1.079	162.312	0.9971	1.301	1.078	162.320	0.9971	1.291
22	 4	0.920	166.300	0.9998	0.286	0.918	166.408	0.9997	0.371	1.063	161.596	0.9969	0.939	1.063	161.623	0.9972	0.917
22	 5	0.900	165.585	0.9998	0.285	0.901	165.493	0.9997	0.356	1.023	161.715	0.9973	0.892	1.025	161.654	0.9974	0.929
22	 6	0.876	165.910	0.9999	0.235	0.878	165.790	0.9999	0.226	0.998	161.502	0.9973	0.548	0.998	161.480	0.9974	0.539
22	 7	0.874	164.820	0.9992	0.552	0.876	164.666	0.9994	0.475	0.991	160.827	0.9975	0.988	0.992	160.743	0.9976	0.934
23	 0	1.142	152.760	0.9999	0.235	1.140	152.956	0.9998	0.375	1.375	145.814	1.0000	1.753	1.372	146.067	1.0000	1.598
23	 1	1.012	152.690	0.9997	0.388	1.015	152.522	0.9994	0.564	1.188	146.584	0.9964	0.553	1.189	146.589	0.9965	0.754
23	 2	0.987	151.075	0.9999	0.179	0.991	150.796	0.9998	0.294	1.141	146.293	0.9969	0.830	1.142	146.247	0.9970	0.997
23	 3	0.939	152.620	0.9993	0.550	0.940	152.502	0.9991	0.620	1.121	145.210	0.9971	0.687	1.118	145.307	0.9971	0.716
23	 4	0.929	151.265	0.9999	0.226	0.927	151.368	1.0000	0.103	1.095	144.809	0.9970	0.579	1.094	144.864	0.9970	0.569
23	 5	0.912	150.265	0.9999	0.249	0.911	150.366	0.9999	0.227	1.048	145.276	0.9975	0.846	1.050	145.194	0.9974	0.970
23	 6	0.893	149.715	1.0000	0.131	0.893	149.715	1.0000	0.131	1.019	144.988	0.9975	0.636	1.019	145.006	0.9975	0.688
23	 7	0.885	148.935	1.0000	0.090	0.888	148.688	1.0000	0.104	1.001	144.579	0.9979	0.639	1.003	144.516	0.9980	0.604
24	 0	1.107	199.065	0.9996	0.517	1.101	199.580	0.9995	0.538	1.424	186.617	1.0000	1.436	1.420	186.878	1.0000	1.555
24	 1	1.024	194.290	0.9999	0.200	1.024	194.276	1.0000	0.128	1.208	187.425	0.9962	1.161	1.204	187.579	0.9963	1.131
24	 2	0.986	192.655	0.9995	0.468	0.987	192.612	0.9995	0.490	1.167	185.801	0.9969	1.071	1.169	185.744	0.9972	1.093
24	 3	0.965	191.725	0.9989	0.704	0.958	192.312	0.9993	0.584	1.118	186.027	0.9974	0.987	1.119	186.027	0.9974	1.008
24	 4	0.961	190.115	0.9989	0.707	0.957	190.488	0.9983	0.875	1.112	184.620	0.9968	1.097	1.115	184.512	0.9968	1.217
24	 5	0.939	189.610	0.9986	0.792	0.940	189.561	0.9985	0.824	1.083	184.236	0.9972	1.059	1.081	184.318	0.9972	1.083
24	 6	0.929	188.395	0.9992	0.591	0.932	188.217	0.9991	0.616	1.064	183.597	0.9971	0.645	1.066	183.514	0.9973	0.605
24	 7	0.912	187.895	0.9997	0.380	0.912	187.895	0.9997	0.380	1.036	183.451	0.9976	0.655	1.035	183.473	0.9977	0.632
25	 0	1.100	210.070	1.0000	0.161	1.098	210.143	0.9998	0.327	1.390	199.180	1.0000	1.160	1.387	199.290	1.0000	1.035
25	 1	1.014	206.500	0.9995	0.492	1.013	206.546	0.9995	0.517	1.209	199.515	0.9962	0.851	1.210	199.464	0.9962	0.934
25	 2	0.971	205.230	1.0000	0.090	0.971	205.230	1.0000	0.090	1.147	198.454	0.9967	0.500	1.144	198.545	0.9967	0.547
25	 3	0.946	205.035	0.9996	0.414	0.950	204.753	0.9996	0.425	1.110	198.340	0.9973	0.972	1.111	198.337	0.9973	1.008
25	 4	0.944	202.940	0.9999	0.253	0.946	202.842	0.9999	0.245	1.103	196.990	0.9969	0.886	1.102	197.027	0.9969	0.850
25	 5	0.900	204.075	0.9998	0.248	0.898	204.307	0.9999	0.207	1.056	197.476	0.9974	0.864	1.056	197.470	0.9974	0.906
25	 6	0.894	202.415	0.9992	0.572	0.896	202.320	0.9992	0.554	1.034	196.768	0.9974	0.802	1.034	196.758	0.9976	0.830
25	 7	0.884	201.800	1.0000	0.127	0.889	201.455	1.0000	0.115	1.016	196.536	0.9978	0.694	1.017	196.478	0.9978	0.524
26	 0	1.070	167.500	0.9999	0.262	1.068	167.737	0.9997	0.439	1.318	158.857	1.0000	0.929	1.320	158.836	1.0000	0.979
26	 1	0.992	164.775	0.9993	0.576	0.992	164.804	0.9992	0.612	1.164	159.043	0.9962	0.737	1.163	159.126	0.9964	0.778
26	 2	0.948	164.175	0.9996	0.438	0.949	164.082	0.9995	0.455	1.112	158.422	0.9967	1.077	1.114	158.332	0.9967	1.038
26	 3	0.936	162.975	0.9999	0.214	0.937	162.951	0.9999	0.189	1.089	157.645	0.9971	0.870	1.089	157.646	0.9971	0.923
26	 4	0.931	161.320	0.9997	0.333	0.930	161.342	0.9997	0.362	1.075	156.907	0.9968	0.913	1.076	156.853	0.9969	0.989
26	 5	0.920	160.410	0.9997	0.384	0.921	160.384	0.9996	0.393	1.033	157.161	0.9973	0.797	1.032	157.190	0.9975	0.819
26	 6	0.891	160.655	0.9998	0.312	0.893	160.560	0.9998	0.286	1.013	156.647	0.9975	0.977	1.014	156.612	0.9974	0.987
26	 7	0.866	161.190	0.9995	0.444	0.867	161.070	0.9995	0.432	0.994	156.316	0.9976	0.911	0.992	156.381	0.9976	0.899
27	 0	1.077	179.465	0.9984	0.958	1.081	179.185	0.9984	0.954	1.386	166.049	0.9999	2.856	1.388	166.007	0.9999	2.728
27	 1	1.059	170.505	0.9996	0.502	1.060	170.454	0.9996	0.466	1.211	165.930	0.9968	1.228	1.209	166.022	0.9968	1.259
27	 2	1.003	169.280	0.9999	0.241	1.012	168.593	1.0000	0.049	1.139	165.204	0.9968	0.744	1.138	165.212	0.9969	0.786
27	 3	0.965	169.895	0.9996	0.418	0.965	169.956	0.9997	0.382	1.132	163.686	0.9975	1.067	1.131	163.722	0.9976	1.080
27	 4	0.967	167.180	0.9998	0.287	0.967	167.180	0.9998	0.287	1.082	163.454	0.9968	1.111	1.081	163.472	0.9968	1.060
27	 5	0.925	168.545	0.9984	0.839	0.922	168.741	0.9985	0.795	1.069	162.900	0.9976	1.568	1.066	162.967	0.9976	1.572
27	 6	0.926	165.480	0.9997	0.349	0.928	165.304	0.9997	0.360	1.040	161.745	0.9974	0.846	1.041	161.704	0.9976	0.886
27	 7	0.922	165.130	0.9998	0.267	0.923	165.030	0.9999	0.241	1.015	162.674	0.9979	1.223	1.015	162.641	0.9979	1.202
28	 0	1.067	148.015	0.9998	0.360	1.071	147.696	0.9996	0.459	1.340	137.753	1.0000	1.077	1.341	137.671	1.0000	1.009
28	 1	1.001	144.775	0.9998	0.298	1.002	144.680	0.9998	0.275	1.169	139.447	0.9962	0.950	1.172	139.337	0.9965	1.048
28	 2	0.949	145.475	0.9999	0.241	0.952	145.279	0.9999	0.188	1.130	138.748	0.9965	1.022	1.132	138.679	0.9965	1.180
28	 3	0.934	144.440	0.9998	0.289	0.926	145.143	0.9998	0.257	1.089	138.824	0.9971	0.657	1.090	138.818	0.9971	0.750
28	 4	0.906	144.750	0.9997	0.365	0.906	144.750	0.9997	0.365	1.068	138.406	0.9969	0.708	1.068	138.390	0.9969	0.713
28	 5	0.893	143.725	0.9999	0.195	0.893	143.725	0.9999	0.195	1.033	138.354	0.9972	0.888	1.032	138.380	0.9972	0.947
28	 6	0.864	144.070	1.0000	0.041	0.862	144.218	1.0000	0.069	1.009	138.050	0.9973	0.696	1.009	138.085	0.9973	0.714
28	 7	0.844	144.135	0.9997	0.327	0.841	144.407	0.9997	0.343	0.994	137.498	0.9976	1.226	0.995	137.473	0.9975	1.276
29	 0	1.034	193.350	0.9997	0.413	1.034	193.375	0.9997	0.412	1.300	182.542	1.0000	1.281	1.296	182.646	1.0000	1.334
29	 1	0.976	189.320	0.9992	0.628	0.976	189.320	0.9992	0.628	1.154	182.674	0.9962	0.710	1.155	182.623	0.9963	0.678
29	 2	0.949	187.420	0.9992	0.610	0.949	187.472	0.9991	0.637	1.105	181.877	0.9966	0.979	1.105	181.855	0.9967	0.988
29	 3	0.939	186.305	0.9992	0.585	0.939	186.257	0.9993	0.566	1.066	182.203	0.9971	1.127	1.066	182.196	0.9971	1.103
29	 4	0.922	185.790	0.9996	0.417	0.922	185.790	0.9996	0.417	1.053	181.285	0.9970	1.093	1.055	181.225	0.9971	1.095
29	 5	0.916	183.995	0.9987	0.745	0.916	183.949	0.9988	0.724	1.026	180.917	0.9972	1.541	1.026	180.920	0.9972	1.536
29	 6	0.923	181.700	0.9996	0.435	0.923	181.651	0.9995	0.453	1.013	180.125	0.9973	1.191	1.013	180.114	0.9972	1.213
29	 7	0.867	184.275	0.9998	0.262	0.865	184.468	0.9998	0.287	0.974	180.618	0.9977	0.824	0.973	180.622	0.9977	0.804
30	 0	1.067	173.680	0.9996	0.501	1.069	173.506	0.9994	0.588	1.282	166.351	1.0000	1.047	1.283	166.297	1.0000	0.850
30	 1	1.005	170.115	0.9999	0.185	1.006	170.065	1.0000	0.094	1.146	166.197	0.9962	1.023	1.145	166.218	0.9962	0.987
30	 2	0.974	168.625	1.0000	0.068	0.975	168.602	1.0000	0.037	1.103	165.246	0.9966	0.969	1.106	165.154	0.9966	0.961
30	 3	0.942	168.745	0.9999	0.235	0.946	168.572	0.9995	0.475	1.068	165.075	0.9970	0.854	1.070	165.006	0.9970	0.876
30	 4	0.931	167.745	1.0000	0.102	0.931	167.745	1.0000	0.102	1.048	164.526	0.9969	1.096	1.048	164.512	0.9969	1.103
30	 5	0.897	168.425	0.9996	0.407	0.897	168.425	0.9996	0.407	1.016	164.489	0.9973	1.085	1.015	164.508	0.9975	1.077
30	 6	0.878	168.055	1.0000	0.035	0.878	168.055	1.0000	0.035	0.990	164.211	0.9974	0.774	0.991	164.175	0.9974	0.780
30	 7	0.867	167.550	0.9996	0.376	0.867	167.502	0.9995	0.415	0.976	163.802	0.9978	0.623	0.973	163.898	0.9979	0.620
31	 0	1.154	137.450	1.0000	0.044	1.153	137.519	1.0000	0.132	1.398	128.660	1.0000	1.132	1.399	128.606	1.0000	1.107
31	 1	1.050	136.365	0.9998	0.307	1.053	136.172	0.9999	0.267	1.238	129.331	0.9964	0.468	1.238	129.333	0.9964	0.522
31	 2	0.994	136.685	0.9998	0.306	0.992	136.944	0.9998	0.286	1.180	128.976	0.9968	1.055	1.183	128.851	0.9969	1.202
31	 3	0.973	135.850	1.0000	0.088	0.975	135.691	1.0000	0.034	1.142	128.802	0.9973	0.772	1.141	128.817	0.9973	0.765
31	 4	0.971	133.320	1.0000	0.086	0.970	133.394	1.0000	0.148	1.104	128.477	0.9973	0.776	1.104	128.469	0.9973	0.777
31	 5	0.938	133.685	0.9988	0.742	0.938	133.685	0.9988	0.742	1.073	128.107	0.9975	1.063	1.071	128.146	0.9976	1.050
31	 6	0.926	132.370	0.9998	0.265	0.928	132.214	0.9998	0.296	1.038	128.106	0.9975	0.721	1.039	128.061	0.9977	0.696
31	 7	0.922	130.970	0.9992	0.592	0.915	131.461	0.9989	0.663	1.022	127.411	0.9977	1.219	1.020	127.433	0.9978	1.195
