ch	pt	fine_thr	a_fit	b_fit
 0	 0	 0	219.814	0.331
 0	 0	 1	218.547	0.308
 0	 0	 2	217.696	0.339
 0	 0	 3	216.526	0.360
 0	 0	 4	215.586	0.330
 0	 0	 5	214.520	0.342
 0	 0	 6	213.397	0.323
 0	 0	 7	212.346	0.319
 0	 1	 0	219.698	0.278
 0	 1	 1	218.580	0.264
 0	 1	 2	217.698	0.243
 0	 1	 3	216.525	0.284
 0	 1	 4	215.548	0.270
 0	 1	 5	214.433	0.258
 0	 1	 6	213.460	0.243
 0	 1	 7	212.381	0.262
 0	 2	 0	219.649	0.245
 0	 2	 1	218.639	0.207
 0	 2	 2	217.697	0.227
 0	 2	 3	216.509	0.232
 0	 2	 4	215.620	0.247
 0	 2	 5	214.474	0.233
 0	 2	 6	213.442	0.247
 0	 2	 7	212.449	0.248
 0	 3	 0	219.624	0.227
 0	 3	 1	218.553	0.209
 0	 3	 2	217.597	0.217
 0	 3	 3	216.541	0.240
 0	 3	 4	215.612	0.213
 0	 3	 5	214.468	0.232
 0	 3	 6	213.457	0.211
 0	 3	 7	212.406	0.224
 0	 4	 0	219.623	0.205
 0	 4	 1	218.620	0.217
 0	 4	 2	217.612	0.213
 0	 4	 3	216.574	0.223
 0	 4	 4	215.598	0.238
 0	 4	 5	214.464	0.230
 0	 4	 6	213.473	0.210
 0	 4	 7	212.408	0.223
 0	 5	 0	219.649	0.213
 0	 5	 1	218.633	0.205
 0	 5	 2	217.601	0.209
 0	 5	 3	216.516	0.228
 0	 5	 4	215.635	0.206
 0	 5	 5	214.508	0.218
 0	 5	 6	213.445	0.202
 0	 5	 7	212.439	0.218
 0	 6	 0	219.704	0.195
 0	 6	 1	218.573	0.199
 0	 6	 2	217.608	0.211
 0	 6	 3	216.533	0.212
 0	 6	 4	215.564	0.206
 0	 6	 5	214.484	0.226
 0	 6	 6	213.500	0.189
 0	 6	 7	212.434	0.214
 0	 7	 0	219.606	0.199
 0	 7	 1	218.588	0.204
 0	 7	 2	217.559	0.203
 0	 7	 3	216.522	0.190
 0	 7	 4	215.558	0.211
 0	 7	 5	214.441	0.203
 0	 7	 6	213.469	0.216
 0	 7	 7	212.437	0.213
 1	 0	 0	219.584	0.345
 1	 0	 1	218.460	0.340
 1	 0	 2	217.532	0.336
 1	 0	 3	216.407	0.350
 1	 0	 4	215.558	0.368
 1	 0	 5	214.316	0.361
 1	 0	 6	213.311	0.325
 1	 0	 7	212.215	0.332
 1	 1	 0	219.607	0.307
 1	 1	 1	218.520	0.261
 1	 1	 2	217.496	0.314
 1	 1	 3	216.401	0.303
 1	 1	 4	215.476	0.274
 1	 1	 5	214.265	0.330
 1	 1	 6	213.379	0.289
 1	 1	 7	212.223	0.283
 1	 2	 0	219.658	0.262
 1	 2	 1	218.532	0.256
 1	 2	 2	217.529	0.279
 1	 2	 3	216.331	0.266
 1	 2	 4	215.466	0.257
 1	 2	 5	214.273	0.307
 1	 2	 6	213.350	0.270
 1	 2	 7	212.238	0.251
 1	 3	 0	219.661	0.249
 1	 3	 1	218.523	0.257
 1	 3	 2	217.533	0.265
 1	 3	 3	216.386	0.280
 1	 3	 4	215.409	0.276
 1	 3	 5	214.300	0.285
 1	 3	 6	213.272	0.265
 1	 3	 7	212.237	0.251
 1	 4	 0	219.633	0.239
 1	 4	 1	218.480	0.224
 1	 4	 2	217.542	0.258
 1	 4	 3	216.437	0.246
 1	 4	 4	215.414	0.273
 1	 4	 5	214.294	0.287
 1	 4	 6	213.304	0.228
 1	 4	 7	212.230	0.269
 1	 5	 0	219.576	0.244
 1	 5	 1	218.442	0.227
 1	 5	 2	217.478	0.254
 1	 5	 3	216.396	0.278
 1	 5	 4	215.440	0.245
 1	 5	 5	214.321	0.287
 1	 5	 6	213.248	0.207
 1	 5	 7	212.188	0.226
 1	 6	 0	219.536	0.269
 1	 6	 1	218.525	0.242
 1	 6	 2	217.519	0.258
 1	 6	 3	216.460	0.278
 1	 6	 4	215.425	0.258
 1	 6	 5	214.305	0.242
 1	 6	 6	213.332	0.272
 1	 6	 7	212.155	0.235
 1	 7	 0	219.572	0.233
 1	 7	 1	218.492	0.237
 1	 7	 2	217.477	0.225
 1	 7	 3	216.539	0.245
 1	 7	 4	215.408	0.279
 1	 7	 5	214.327	0.261
 1	 7	 6	213.346	0.238
 1	 7	 7	212.169	0.231
 2	 0	 0	220.700	0.354
 2	 0	 1	219.651	0.304
 2	 0	 2	218.590	0.326
 2	 0	 3	217.528	0.313
 2	 0	 4	216.577	0.336
 2	 0	 5	215.516	0.310
 2	 0	 6	214.529	0.300
 2	 0	 7	213.495	0.296
 2	 1	 0	220.787	0.313
 2	 1	 1	219.654	0.260
 2	 1	 2	218.595	0.267
 2	 1	 3	217.575	0.258
 2	 1	 4	216.634	0.273
 2	 1	 5	215.525	0.258
 2	 1	 6	214.557	0.271
 2	 1	 7	213.448	0.258
 2	 2	 0	220.765	0.279
 2	 2	 1	219.647	0.236
 2	 2	 2	218.631	0.251
 2	 2	 3	217.513	0.255
 2	 2	 4	216.593	0.270
 2	 2	 5	215.509	0.250
 2	 2	 6	214.533	0.236
 2	 2	 7	213.455	0.230
 2	 3	 0	220.776	0.255
 2	 3	 1	219.573	0.242
 2	 3	 2	218.626	0.228
 2	 3	 3	217.611	0.231
 2	 3	 4	216.638	0.240
 2	 3	 5	215.543	0.247
 2	 3	 6	214.539	0.235
 2	 3	 7	213.490	0.241
 2	 4	 0	220.816	0.226
 2	 4	 1	219.636	0.253
 2	 4	 2	218.608	0.230
 2	 4	 3	217.532	0.239
 2	 4	 4	216.601	0.254
 2	 4	 5	215.503	0.240
 2	 4	 6	214.545	0.234
 2	 4	 7	213.527	0.230
 2	 5	 0	220.768	0.280
 2	 5	 1	219.633	0.231
 2	 5	 2	218.618	0.240
 2	 5	 3	217.597	0.225
 2	 5	 4	216.662	0.250
 2	 5	 5	215.533	0.242
 2	 5	 6	214.587	0.234
 2	 5	 7	213.500	0.225
 2	 6	 0	220.794	0.261
 2	 6	 1	219.640	0.233
 2	 6	 2	218.639	0.241
 2	 6	 3	217.647	0.211
 2	 6	 4	216.658	0.240
 2	 6	 5	215.515	0.243
 2	 6	 6	214.560	0.248
 2	 6	 7	213.483	0.222
 2	 7	 0	220.789	0.259
 2	 7	 1	219.596	0.243
 2	 7	 2	218.666	0.233
 2	 7	 3	217.561	0.237
 2	 7	 4	216.620	0.258
 2	 7	 5	215.567	0.235
 2	 7	 6	214.576	0.265
 2	 7	 7	213.547	0.223
 3	 0	 0	233.974	0.283
 3	 0	 1	232.952	0.326
 3	 0	 2	231.902	0.261
 3	 0	 3	230.836	0.291
 3	 0	 4	229.974	0.297
 3	 0	 5	228.906	0.256
 3	 0	 6	227.886	0.292
 3	 0	 7	226.743	0.288
 3	 1	 0	233.962	0.281
 3	 1	 1	232.922	0.269
 3	 1	 2	231.862	0.314
 3	 1	 3	230.824	0.286
 3	 1	 4	229.929	0.300
 3	 1	 5	228.914	0.258
 3	 1	 6	227.899	0.251
 3	 1	 7	226.780	0.303
 3	 2	 0	234.009	0.285
 3	 2	 1	232.938	0.273
 3	 2	 2	231.912	0.296
 3	 2	 3	230.843	0.242
 3	 2	 4	229.900	0.257
 3	 2	 5	228.902	0.255
 3	 2	 6	227.838	0.235
 3	 2	 7	226.767	0.267
 3	 3	 0	233.984	0.284
 3	 3	 1	232.907	0.295
 3	 3	 2	231.905	0.262
 3	 3	 3	230.840	0.306
 3	 3	 4	229.929	0.265
 3	 3	 5	228.914	0.258
 3	 3	 6	227.904	0.252
 3	 3	 7	226.782	0.256
 3	 4	 0	233.898	0.293
 3	 4	 1	232.909	0.266
 3	 4	 2	231.916	0.265
 3	 4	 3	230.869	0.249
 3	 4	 4	229.952	0.326
 3	 4	 5	228.895	0.290
 3	 4	 6	227.852	0.238
 3	 4	 7	226.801	0.263
 3	 5	 0	233.922	0.272
 3	 5	 1	232.910	0.266
 3	 5	 2	231.891	0.258
 3	 5	 3	230.887	0.254
 3	 5	 4	229.921	0.298
 3	 5	 5	228.840	0.272
 3	 5	 6	227.840	0.293
 3	 5	 7	226.811	0.224
 3	 6	 0	233.945	0.277
 3	 6	 1	232.910	0.266
 3	 6	 2	231.899	0.260
 3	 6	 3	230.849	0.276
 3	 6	 4	229.923	0.263
 3	 6	 5	228.911	0.257
 3	 6	 6	227.868	0.281
 3	 6	 7	226.777	0.255
 3	 7	 0	233.965	0.282
 3	 7	 1	232.909	0.296
 3	 7	 2	231.860	0.250
 3	 7	 3	230.889	0.255
 3	 7	 4	229.928	0.264
 3	 7	 5	228.899	0.254
 3	 7	 6	227.852	0.276
 3	 7	 7	226.843	0.232
 4	 0	 0	227.109	0.353
 4	 0	 1	226.067	0.322
 4	 0	 2	225.033	0.319
 4	 0	 3	223.892	0.371
 4	 0	 4	223.029	0.361
 4	 0	 5	221.942	0.381
 4	 0	 6	220.928	0.325
 4	 0	 7	219.825	0.321
 4	 1	 0	227.164	0.315
 4	 1	 1	226.006	0.339
 4	 1	 2	225.049	0.268
 4	 1	 3	223.903	0.339
 4	 1	 4	223.033	0.274
 4	 1	 5	221.939	0.324
 4	 1	 6	220.955	0.351
 4	 1	 7	219.882	0.263
 4	 2	 0	227.220	0.284
 4	 2	 1	226.056	0.273
 4	 2	 2	225.104	0.311
 4	 2	 3	223.941	0.276
 4	 2	 4	223.044	0.273
 4	 2	 5	221.922	0.303
 4	 2	 6	221.009	0.286
 4	 2	 7	219.846	0.232
 4	 3	 0	227.186	0.268
 4	 3	 1	226.075	0.276
 4	 3	 2	225.068	0.264
 4	 3	 3	223.944	0.343
 4	 3	 4	223.046	0.272
 4	 3	 5	221.928	0.259
 4	 3	 6	220.960	0.282
 4	 3	 7	219.882	0.261
 4	 4	 0	227.214	0.287
 4	 4	 1	226.072	0.270
 4	 4	 2	225.084	0.260
 4	 4	 3	223.969	0.282
 4	 4	 4	223.001	0.277
 4	 4	 5	221.942	0.262
 4	 4	 6	220.964	0.283
 4	 4	 7	219.843	0.294
 4	 5	 0	227.172	0.272
 4	 5	 1	226.106	0.261
 4	 5	 2	225.126	0.284
 4	 5	 3	223.939	0.275
 4	 5	 4	223.039	0.273
 4	 5	 5	221.935	0.260
 4	 5	 6	220.921	0.253
 4	 5	 7	219.877	0.259
 4	 6	 0	227.172	0.272
 4	 6	 1	226.065	0.271
 4	 6	 2	225.099	0.292
 4	 6	 3	223.967	0.298
 4	 6	 4	222.981	0.276
 4	 6	 5	221.951	0.310
 4	 6	 6	220.982	0.286
 4	 6	 7	219.876	0.286
 4	 7	 0	227.213	0.275
 4	 7	 1	226.064	0.272
 4	 7	 2	225.089	0.318
 4	 7	 3	223.961	0.295
 4	 7	 4	223.057	0.270
 4	 7	 5	221.923	0.257
 4	 7	 6	220.965	0.310
 4	 7	 7	219.876	0.259
 5	 0	 0	218.618	0.329
 5	 0	 1	217.564	0.357
 5	 0	 2	216.515	0.367
 5	 0	 3	215.354	0.359
 5	 0	 4	214.385	0.381
 5	 0	 5	213.305	0.386
 5	 0	 6	212.307	0.382
 5	 0	 7	211.247	0.397
 5	 1	 0	218.590	0.309
 5	 1	 1	217.533	0.316
 5	 1	 2	216.508	0.328
 5	 1	 3	215.356	0.317
 5	 1	 4	214.452	0.311
 5	 1	 5	213.299	0.315
 5	 1	 6	212.323	0.323
 5	 1	 7	211.154	0.308
 5	 2	 0	218.622	0.263
 5	 2	 1	217.500	0.287
 5	 2	 2	216.531	0.297
 5	 2	 3	215.356	0.289
 5	 2	 4	214.381	0.295
 5	 2	 5	213.311	0.291
 5	 2	 6	212.372	0.296
 5	 2	 7	211.163	0.325
 5	 3	 0	218.630	0.271
 5	 3	 1	217.496	0.276
 5	 3	 2	216.530	0.282
 5	 3	 3	215.418	0.292
 5	 3	 4	214.380	0.286
 5	 3	 5	213.334	0.277
 5	 3	 6	212.350	0.275
 5	 3	 7	211.165	0.292
 5	 4	 0	218.612	0.259
 5	 4	 1	217.493	0.280
 5	 4	 2	216.530	0.282
 5	 4	 3	215.410	0.272
 5	 4	 4	214.390	0.274
 5	 4	 5	213.296	0.266
 5	 4	 6	212.316	0.266
 5	 4	 7	211.175	0.301
 5	 5	 0	218.611	0.258
 5	 5	 1	217.559	0.264
 5	 5	 2	216.533	0.265
 5	 5	 3	215.401	0.273
 5	 5	 4	214.378	0.283
 5	 5	 5	213.309	0.268
 5	 5	 6	212.293	0.247
 5	 5	 7	211.161	0.272
 5	 6	 0	218.641	0.249
 5	 6	 1	217.530	0.268
 5	 6	 2	216.498	0.271
 5	 6	 3	215.379	0.262
 5	 6	 4	214.350	0.270
 5	 6	 5	213.356	0.289
 5	 6	 6	212.281	0.262
 5	 6	 7	211.174	0.289
 5	 7	 0	218.663	0.257
 5	 7	 1	217.594	0.255
 5	 7	 2	216.515	0.267
 5	 7	 3	215.493	0.276
 5	 7	 4	214.388	0.263
 5	 7	 5	213.317	0.272
 5	 7	 6	212.362	0.274
 5	 7	 7	211.158	0.273
 6	 0	 0	222.824	0.390
 6	 0	 1	221.720	0.406
 6	 0	 2	220.773	0.353
 6	 0	 3	219.688	0.388
 6	 0	 4	218.839	0.372
 6	 0	 5	217.751	0.387
 6	 0	 6	216.863	0.400
 6	 0	 7	215.757	0.415
 6	 1	 0	222.796	0.330
 6	 1	 1	221.707	0.337
 6	 1	 2	220.765	0.329
 6	 1	 3	219.697	0.332
 6	 1	 4	218.741	0.353
 6	 1	 5	217.805	0.304
 6	 1	 6	216.841	0.293
 6	 1	 7	215.806	0.328
 6	 2	 0	222.811	0.330
 6	 2	 1	221.692	0.337
 6	 2	 2	220.839	0.316
 6	 2	 3	219.641	0.299
 6	 2	 4	218.791	0.307
 6	 2	 5	217.679	0.313
 6	 2	 6	216.854	0.297
 6	 2	 7	215.756	0.301
 6	 3	 0	222.792	0.308
 6	 3	 1	221.675	0.322
 6	 3	 2	220.705	0.325
 6	 3	 3	219.696	0.304
 6	 3	 4	218.801	0.292
 6	 3	 5	217.778	0.284
 6	 3	 6	216.852	0.310
 6	 3	 7	215.779	0.310
 6	 4	 0	222.754	0.307
 6	 4	 1	221.667	0.291
 6	 4	 2	220.715	0.297
 6	 4	 3	219.656	0.282
 6	 4	 4	218.786	0.287
 6	 4	 5	217.753	0.284
 6	 4	 6	216.825	0.269
 6	 4	 7	215.774	0.292
 6	 5	 0	222.766	0.290
 6	 5	 1	221.656	0.295
 6	 5	 2	220.786	0.305
 6	 5	 3	219.720	0.287
 6	 5	 4	218.780	0.284
 6	 5	 5	217.764	0.297
 6	 5	 6	216.876	0.254
 6	 5	 7	215.773	0.300
 6	 6	 0	222.793	0.276
 6	 6	 1	221.641	0.292
 6	 6	 2	220.783	0.304
 6	 6	 3	219.658	0.268
 6	 6	 4	218.759	0.295
 6	 6	 5	217.745	0.272
 6	 6	 6	216.859	0.299
 6	 6	 7	215.749	0.291
 6	 7	 0	222.775	0.301
 6	 7	 1	221.652	0.285
 6	 7	 2	220.784	0.286
 6	 7	 3	219.705	0.257
 6	 7	 4	218.808	0.266
 6	 7	 5	217.784	0.272
 6	 7	 6	216.876	0.285
 6	 7	 7	215.733	0.298
 7	 0	 0	222.560	0.448
 7	 0	 1	221.369	0.412
 7	 0	 2	220.487	0.425
 7	 0	 3	219.420	0.421
 7	 0	 4	218.597	0.399
 7	 0	 5	217.488	0.428
 7	 0	 6	216.605	0.426
 7	 0	 7	215.485	0.420
 7	 1	 0	222.527	0.386
 7	 1	 1	221.395	0.348
 7	 1	 2	220.495	0.351
 7	 1	 3	219.404	0.351
 7	 1	 4	218.575	0.354
 7	 1	 5	217.517	0.357
 7	 1	 6	216.609	0.368
 7	 1	 7	215.441	0.358
 7	 2	 0	222.485	0.352
 7	 2	 1	221.359	0.361
 7	 2	 2	220.494	0.341
 7	 2	 3	219.356	0.358
 7	 2	 4	218.601	0.307
 7	 2	 5	217.548	0.329
 7	 2	 6	216.555	0.335
 7	 2	 7	215.449	0.323
 7	 3	 0	222.473	0.324
 7	 3	 1	221.367	0.305
 7	 3	 2	220.473	0.293
 7	 3	 3	219.382	0.304
 7	 3	 4	218.569	0.298
 7	 3	 5	217.512	0.281
 7	 3	 6	216.576	0.311
 7	 3	 7	215.445	0.326
 7	 4	 0	222.461	0.331
 7	 4	 1	221.321	0.297
 7	 4	 2	220.438	0.334
 7	 4	 3	219.364	0.313
 7	 4	 4	218.587	0.294
 7	 4	 5	217.504	0.312
 7	 4	 6	216.544	0.333
 7	 4	 7	215.438	0.315
 7	 5	 0	222.451	0.287
 7	 5	 1	221.327	0.310
 7	 5	 2	220.454	0.316
 7	 5	 3	219.310	0.297
 7	 5	 4	218.558	0.287
 7	 5	 5	217.490	0.291
 7	 5	 6	216.564	0.304
 7	 5	 7	215.479	0.323
 7	 6	 0	222.434	0.291
 7	 6	 1	221.382	0.304
 7	 6	 2	220.458	0.307
 7	 6	 3	219.422	0.284
 7	 6	 4	218.532	0.285
 7	 6	 5	217.537	0.288
 7	 6	 6	216.599	0.292
 7	 6	 7	215.423	0.300
 7	 7	 0	222.506	0.304
 7	 7	 1	221.410	0.290
 7	 7	 2	220.452	0.294
 7	 7	 3	219.323	0.308
 7	 7	 4	218.542	0.283
 7	 7	 5	217.476	0.274
 7	 7	 6	216.604	0.297
 7	 7	 7	215.466	0.290
 8	 0	 0	221.848	0.429
 8	 0	 1	220.759	0.381
 8	 0	 2	219.809	0.381
 8	 0	 3	218.734	0.402
 8	 0	 4	217.800	0.415
 8	 0	 5	216.700	0.411
 8	 0	 6	215.768	0.446
 8	 0	 7	214.685	0.399
 8	 1	 0	221.908	0.396
 8	 1	 1	220.740	0.387
 8	 1	 2	219.778	0.355
 8	 1	 3	218.696	0.352
 8	 1	 4	217.792	0.356
 8	 1	 5	216.701	0.341
 8	 1	 6	215.736	0.388
 8	 1	 7	214.672	0.352
 8	 2	 0	221.880	0.357
 8	 2	 1	220.712	0.357
 8	 2	 2	219.830	0.352
 8	 2	 3	218.690	0.333
 8	 2	 4	217.771	0.360
 8	 2	 5	216.714	0.367
 8	 2	 6	215.752	0.366
 8	 2	 7	214.667	0.360
 8	 3	 0	221.922	0.351
 8	 3	 1	220.740	0.353
 8	 3	 2	219.844	0.362
 8	 3	 3	218.764	0.339
 8	 3	 4	217.769	0.363
 8	 3	 5	216.691	0.346
 8	 3	 6	215.773	0.380
 8	 3	 7	214.657	0.370
 8	 4	 0	221.889	0.364
 8	 4	 1	220.746	0.374
 8	 4	 2	219.800	0.373
 8	 4	 3	218.733	0.361
 8	 4	 4	217.802	0.350
 8	 4	 5	216.739	0.380
 8	 4	 6	215.766	0.369
 8	 4	 7	214.640	0.371
 8	 5	 0	221.893	0.390
 8	 5	 1	220.741	0.381
 8	 5	 2	219.771	0.387
 8	 5	 3	218.739	0.390
 8	 5	 4	217.844	0.363
 8	 5	 5	216.730	0.425
 8	 5	 6	215.768	0.370
 8	 5	 7	214.666	0.388
 8	 6	 0	221.916	0.427
 8	 6	 1	220.805	0.403
 8	 6	 2	219.783	0.396
 8	 6	 3	218.723	0.402
 8	 6	 4	217.789	0.419
 8	 6	 5	216.750	0.414
 8	 6	 6	215.799	0.418
 8	 6	 7	214.692	0.423
 8	 7	 0	221.916	0.437
 8	 7	 1	220.812	0.451
 8	 7	 2	219.827	0.452
 8	 7	 3	218.740	0.400
 8	 7	 4	217.869	0.425
 8	 7	 5	216.789	0.419
 8	 7	 6	215.862	0.427
 8	 7	 7	214.719	0.462
 9	 0	 0	221.796	0.393
 9	 0	 1	220.696	0.364
 9	 0	 2	219.754	0.360
 9	 0	 3	218.683	0.349
 9	 0	 4	217.794	0.342
 9	 0	 5	216.729	0.365
 9	 0	 6	215.790	0.369
 9	 0	 7	214.681	0.359
 9	 1	 0	221.774	0.338
 9	 1	 1	220.641	0.318
 9	 1	 2	219.802	0.312
 9	 1	 3	218.636	0.313
 9	 1	 4	217.836	0.325
 9	 1	 5	216.741	0.313
 9	 1	 6	215.791	0.355
 9	 1	 7	214.696	0.332
 9	 2	 0	221.789	0.339
 9	 2	 1	220.690	0.339
 9	 2	 2	219.738	0.300
 9	 2	 3	218.658	0.307
 9	 2	 4	217.839	0.306
 9	 2	 5	216.759	0.315
 9	 2	 6	215.797	0.337
 9	 2	 7	214.640	0.329
 9	 3	 0	221.790	0.314
 9	 3	 1	220.675	0.335
 9	 3	 2	219.763	0.304
 9	 3	 3	218.686	0.295
 9	 3	 4	217.835	0.325
 9	 3	 5	216.720	0.314
 9	 3	 6	215.803	0.303
 9	 3	 7	214.720	0.328
 9	 4	 0	221.813	0.344
 9	 4	 1	220.705	0.336
 9	 4	 2	219.790	0.345
 9	 4	 3	218.661	0.331
 9	 4	 4	217.861	0.301
 9	 4	 5	216.740	0.323
 9	 4	 6	215.771	0.337
 9	 4	 7	214.677	0.342
 9	 5	 0	221.850	0.400
 9	 5	 1	220.716	0.338
 9	 5	 2	219.744	0.334
 9	 5	 3	218.724	0.349
 9	 5	 4	217.892	0.382
 9	 5	 5	216.790	0.355
 9	 5	 6	215.862	0.364
 9	 5	 7	214.711	0.339
 9	 6	 0	221.868	0.400
 9	 6	 1	220.751	0.389
 9	 6	 2	219.791	0.389
 9	 6	 3	218.725	0.379
 9	 6	 4	217.905	0.366
 9	 6	 5	216.743	0.386
 9	 6	 6	215.854	0.383
 9	 6	 7	214.737	0.383
 9	 7	 0	221.901	0.426
 9	 7	 1	220.731	0.426
 9	 7	 2	219.809	0.405
 9	 7	 3	218.700	0.392
 9	 7	 4	217.948	0.364
 9	 7	 5	216.745	0.390
 9	 7	 6	215.901	0.392
 9	 7	 7	214.764	0.418
10	 0	 0	225.306	0.351
10	 0	 1	224.210	0.369
10	 0	 2	223.159	0.392
10	 0	 3	222.081	0.423
10	 0	 4	221.193	0.412
10	 0	 5	219.984	0.394
10	 0	 6	218.973	0.361
10	 0	 7	218.023	0.373
10	 1	 0	225.315	0.350
10	 1	 1	224.186	0.350
10	 1	 2	223.111	0.363
10	 1	 3	222.049	0.350
10	 1	 4	221.121	0.288
10	 1	 5	219.942	0.371
10	 1	 6	219.086	0.331
10	 1	 7	217.951	0.308
10	 2	 0	225.289	0.353
10	 2	 1	224.158	0.295
10	 2	 2	223.077	0.345
10	 2	 3	222.009	0.369
10	 2	 4	221.068	0.335
10	 2	 5	219.936	0.323
10	 2	 6	218.990	0.347
10	 2	 7	218.046	0.318
10	 3	 0	225.231	0.330
10	 3	 1	224.145	0.340
10	 3	 2	223.174	0.321
10	 3	 3	222.040	0.328
10	 3	 4	221.112	0.323
10	 3	 5	219.950	0.322
10	 3	 6	218.977	0.285
10	 3	 7	217.998	0.357
10	 4	 0	225.299	0.348
10	 4	 1	224.059	0.404
10	 4	 2	223.152	0.338
10	 4	 3	221.978	0.380
10	 4	 4	221.147	0.356
10	 4	 5	219.995	0.372
10	 4	 6	219.000	0.337
10	 4	 7	217.952	0.376
10	 5	 0	225.295	0.413
10	 5	 1	224.165	0.365
10	 5	 2	223.132	0.338
10	 5	 3	222.058	0.351
10	 5	 4	221.154	0.371
10	 5	 5	219.946	0.397
10	 5	 6	218.986	0.380
10	 5	 7	218.038	0.321
10	 6	 0	225.268	0.404
10	 6	 1	224.117	0.406
10	 6	 2	223.099	0.404
10	 6	 3	222.010	0.445
10	 6	 4	221.022	0.412
10	 6	 5	219.929	0.382
10	 6	 6	219.066	0.404
10	 6	 7	217.959	0.426
10	 7	 0	225.337	0.413
10	 7	 1	224.078	0.480
10	 7	 2	223.171	0.428
10	 7	 3	222.051	0.442
10	 7	 4	221.126	0.468
10	 7	 5	219.918	0.407
10	 7	 6	219.061	0.431
10	 7	 7	217.948	0.452
11	 0	 0	229.333	0.328
11	 0	 1	228.203	0.372
11	 0	 2	227.213	0.358
11	 0	 3	226.108	0.363
11	 0	 4	225.135	0.359
11	 0	 5	223.970	0.353
11	 0	 6	223.042	0.325
11	 0	 7	221.960	0.366
11	 1	 0	229.339	0.305
11	 1	 1	228.204	0.300
11	 1	 2	227.241	0.315
11	 1	 3	226.107	0.291
11	 1	 4	225.124	0.284
11	 1	 5	224.019	0.285
11	 1	 6	223.030	0.320
11	 1	 7	221.896	0.312
11	 2	 0	229.306	0.299
11	 2	 1	228.221	0.302
11	 2	 2	227.245	0.307
11	 2	 3	226.058	0.273
11	 2	 4	225.090	0.258
11	 2	 5	223.997	0.308
11	 2	 6	223.018	0.300
11	 2	 7	221.904	0.297
11	 3	 0	229.283	0.286
11	 3	 1	228.228	0.321
11	 3	 2	227.251	0.322
11	 3	 3	226.064	0.303
11	 3	 4	225.132	0.328
11	 3	 5	224.016	0.285
11	 3	 6	222.977	0.275
11	 3	 7	221.890	0.335
11	 4	 0	229.331	0.305
11	 4	 1	228.240	0.309
11	 4	 2	227.262	0.340
11	 4	 3	226.068	0.347
11	 4	 4	225.146	0.354
11	 4	 5	224.006	0.337
11	 4	 6	222.966	0.335
11	 4	 7	221.947	0.355
11	 5	 0	229.300	0.330
11	 5	 1	228.236	0.365
11	 5	 2	227.240	0.354
11	 5	 3	226.128	0.354
11	 5	 4	225.159	0.342
11	 5	 5	223.996	0.370
11	 5	 6	223.037	0.348
11	 5	 7	221.924	0.355
11	 6	 0	229.359	0.349
11	 6	 1	228.248	0.380
11	 6	 2	227.284	0.384
11	 6	 3	226.102	0.381
11	 6	 4	225.165	0.385
11	 6	 5	224.058	0.359
11	 6	 6	223.008	0.324
11	 6	 7	221.899	0.390
11	 7	 0	229.344	0.394
11	 7	 1	228.272	0.393
11	 7	 2	227.263	0.392
11	 7	 3	226.108	0.431
11	 7	 4	225.180	0.391
11	 7	 5	224.070	0.383
11	 7	 6	223.008	0.389
11	 7	 7	221.914	0.365
12	 0	 0	224.277	0.311
12	 0	 1	223.172	0.301
12	 0	 2	222.233	0.318
12	 0	 3	221.057	0.339
12	 0	 4	220.197	0.320
12	 0	 5	219.144	0.298
12	 0	 6	218.279	0.287
12	 0	 7	217.179	0.299
12	 1	 0	224.274	0.289
12	 1	 1	223.148	0.248
12	 1	 2	222.226	0.301
12	 1	 3	221.087	0.251
12	 1	 4	220.218	0.256
12	 1	 5	219.122	0.242
12	 1	 6	218.257	0.260
12	 1	 7	217.201	0.302
12	 2	 0	224.269	0.255
12	 2	 1	223.156	0.275
12	 2	 2	222.226	0.269
12	 2	 3	221.082	0.252
12	 2	 4	220.224	0.301
12	 2	 5	219.116	0.243
12	 2	 6	218.249	0.274
12	 2	 7	217.226	0.269
12	 3	 0	224.272	0.290
12	 3	 1	223.188	0.296
12	 3	 2	222.282	0.286
12	 3	 3	221.101	0.297
12	 3	 4	220.256	0.303
12	 3	 5	219.142	0.299
12	 3	 6	218.247	0.284
12	 3	 7	217.238	0.265
12	 4	 0	224.297	0.265
12	 4	 1	223.188	0.315
12	 4	 2	222.242	0.295
12	 4	 3	221.148	0.297
12	 4	 4	220.253	0.290
12	 4	 5	219.173	0.288
12	 4	 6	218.297	0.302
12	 4	 7	217.202	0.277
12	 5	 0	224.355	0.329
12	 5	 1	223.219	0.324
12	 5	 2	222.236	0.317
12	 5	 3	221.090	0.250
12	 5	 4	220.253	0.316
12	 5	 5	219.173	0.301
12	 5	 6	218.268	0.309
12	 5	 7	217.190	0.306
12	 6	 0	224.317	0.360
12	 6	 1	223.251	0.345
12	 6	 2	222.276	0.356
12	 6	 3	221.148	0.354
12	 6	 4	220.235	0.376
12	 6	 5	219.196	0.356
12	 6	 6	218.314	0.334
12	 6	 7	217.264	0.351
12	 7	 0	224.389	0.386
12	 7	 1	223.241	0.346
12	 7	 2	222.299	0.373
12	 7	 3	221.164	0.407
12	 7	 4	220.308	0.365
12	 7	 5	219.246	0.371
12	 7	 6	218.298	0.338
12	 7	 7	217.276	0.349
13	 0	 0	220.324	0.342
13	 0	 1	219.246	0.330
13	 0	 2	218.380	0.335
13	 0	 3	217.257	0.342
13	 0	 4	216.354	0.354
13	 0	 5	215.246	0.343
13	 0	 6	214.309	0.355
13	 0	 7	213.205	0.347
13	 1	 0	220.318	0.310
13	 1	 1	219.180	0.326
13	 1	 2	218.366	0.315
13	 1	 3	217.304	0.304
13	 1	 4	216.277	0.306
13	 1	 5	215.221	0.317
13	 1	 6	214.264	0.311
13	 1	 7	213.198	0.311
13	 2	 0	220.333	0.321
13	 2	 1	219.205	0.317
13	 2	 2	218.343	0.299
13	 2	 3	217.303	0.313
13	 2	 4	216.253	0.321
13	 2	 5	215.189	0.330
13	 2	 6	214.279	0.305
13	 2	 7	213.212	0.297
13	 3	 0	220.322	0.355
13	 3	 1	219.195	0.320
13	 3	 2	218.298	0.315
13	 3	 3	217.231	0.336
13	 3	 4	216.291	0.322
13	 3	 5	215.186	0.316
13	 3	 6	214.288	0.347
13	 3	 7	213.250	0.328
13	 4	 0	220.294	0.372
13	 4	 1	219.241	0.346
13	 4	 2	218.309	0.349
13	 4	 3	217.240	0.384
13	 4	 4	216.330	0.390
13	 4	 5	215.216	0.382
13	 4	 6	214.299	0.367
13	 4	 7	213.240	0.341
13	 5	 0	220.298	0.393
13	 5	 1	219.234	0.394
13	 5	 2	218.357	0.391
13	 5	 3	217.287	0.397
13	 5	 4	216.291	0.397
13	 5	 5	215.180	0.383
13	 5	 6	214.331	0.392
13	 5	 7	213.290	0.386
13	 6	 0	220.343	0.431
13	 6	 1	219.228	0.449
13	 6	 2	218.350	0.425
13	 6	 3	217.249	0.411
13	 6	 4	216.343	0.425
13	 6	 5	215.264	0.442
13	 6	 6	214.252	0.447
13	 6	 7	213.179	0.443
13	 7	 0	220.319	0.433
13	 7	 1	219.246	0.479
13	 7	 2	218.376	0.466
13	 7	 3	217.251	0.483
13	 7	 4	216.345	0.495
13	 7	 5	215.223	0.475
13	 7	 6	214.302	0.507
13	 7	 7	213.247	0.433
14	 0	 0	218.819	0.318
14	 0	 1	217.760	0.295
14	 0	 2	216.883	0.321
14	 0	 3	215.696	0.328
14	 0	 4	214.712	0.311
14	 0	 5	213.515	0.300
14	 0	 6	212.654	0.298
14	 0	 7	211.522	0.317
14	 1	 0	218.853	0.236
14	 1	 1	217.802	0.260
14	 1	 2	216.825	0.300
14	 1	 3	215.680	0.292
14	 1	 4	214.730	0.276
14	 1	 5	213.519	0.278
14	 1	 6	212.650	0.299
14	 1	 7	211.552	0.277
14	 2	 0	218.846	0.295
14	 2	 1	217.776	0.270
14	 2	 2	216.850	0.296
14	 2	 3	215.732	0.304
14	 2	 4	214.666	0.303
14	 2	 5	213.553	0.292
14	 2	 6	212.687	0.285
14	 2	 7	211.638	0.294
14	 3	 0	218.914	0.299
14	 3	 1	217.745	0.309
14	 3	 2	216.934	0.302
14	 3	 3	215.730	0.319
14	 3	 4	214.710	0.305
14	 3	 5	213.572	0.299
14	 3	 6	212.706	0.317
14	 3	 7	211.596	0.343
14	 4	 0	218.918	0.308
14	 4	 1	217.801	0.333
14	 4	 2	216.864	0.335
14	 4	 3	215.708	0.341
14	 4	 4	214.734	0.371
14	 4	 5	213.601	0.350
14	 4	 6	212.697	0.329
14	 4	 7	211.638	0.337
14	 5	 0	218.911	0.377
14	 5	 1	217.855	0.361
14	 5	 2	216.927	0.381
14	 5	 3	215.674	0.361
14	 5	 4	214.734	0.394
14	 5	 5	213.659	0.369
14	 5	 6	212.728	0.396
14	 5	 7	211.665	0.412
14	 6	 0	218.941	0.387
14	 6	 1	217.822	0.383
14	 6	 2	216.974	0.452
14	 6	 3	215.711	0.419
14	 6	 4	214.777	0.435
14	 6	 5	213.617	0.401
14	 6	 6	212.708	0.423
14	 6	 7	211.668	0.425
14	 7	 0	218.954	0.436
14	 7	 1	217.979	0.446
14	 7	 2	216.981	0.457
14	 7	 3	215.767	0.477
14	 7	 4	214.764	0.475
14	 7	 5	213.667	0.422
14	 7	 6	212.797	0.458
14	 7	 7	211.728	0.458
15	 0	 0	223.513	0.303
15	 0	 1	222.428	0.316
15	 0	 2	221.455	0.324
15	 0	 3	220.341	0.318
15	 0	 4	219.478	0.302
15	 0	 5	218.507	0.312
15	 0	 6	217.536	0.298
15	 0	 7	216.512	0.324
15	 1	 0	223.506	0.315
15	 1	 1	222.381	0.292
15	 1	 2	221.425	0.320
15	 1	 3	220.333	0.300
15	 1	 4	219.526	0.286
15	 1	 5	218.467	0.299
15	 1	 6	217.533	0.308
15	 1	 7	216.465	0.306
15	 2	 0	223.526	0.308
15	 2	 1	222.407	0.318
15	 2	 2	221.406	0.332
15	 2	 3	220.406	0.330
15	 2	 4	219.517	0.309
15	 2	 5	218.480	0.312
15	 2	 6	217.542	0.314
15	 2	 7	216.473	0.335
15	 3	 0	223.510	0.337
15	 3	 1	222.415	0.337
15	 3	 2	221.413	0.348
15	 3	 3	220.362	0.362
15	 3	 4	219.520	0.335
15	 3	 5	218.440	0.322
15	 3	 6	217.513	0.328
15	 3	 7	216.507	0.344
15	 4	 0	223.513	0.363
15	 4	 1	222.437	0.362
15	 4	 2	221.465	0.376
15	 4	 3	220.405	0.361
15	 4	 4	219.533	0.384
15	 4	 5	218.465	0.352
15	 4	 6	217.500	0.361
15	 4	 7	216.470	0.392
15	 5	 0	223.521	0.403
15	 5	 1	222.468	0.417
15	 5	 2	221.418	0.450
15	 5	 3	220.363	0.419
15	 5	 4	219.530	0.400
15	 5	 5	218.453	0.412
15	 5	 6	217.511	0.397
15	 5	 7	216.483	0.409
15	 6	 0	223.571	0.494
15	 6	 1	222.481	0.447
15	 6	 2	221.478	0.477
15	 6	 3	220.377	0.469
15	 6	 4	219.535	0.445
15	 6	 5	218.506	0.435
15	 6	 6	217.567	0.446
15	 6	 7	216.453	0.475
15	 7	 0	223.547	0.475
15	 7	 1	222.474	0.495
15	 7	 2	221.461	0.491
15	 7	 3	220.379	0.498
15	 7	 4	219.534	0.468
15	 7	 5	218.478	0.461
15	 7	 6	217.554	0.498
15	 7	 7	216.495	0.523
16	 0	 0	219.701	0.311
16	 0	 1	218.720	0.328
16	 0	 2	217.764	0.323
16	 0	 3	216.722	0.315
16	 0	 4	215.759	0.326
16	 0	 5	214.616	0.309
16	 0	 6	213.662	0.319
16	 0	 7	212.631	0.348
16	 1	 0	219.719	0.309
16	 1	 1	218.698	0.295
16	 1	 2	217.740	0.288
16	 1	 3	216.709	0.305
16	 1	 4	215.710	0.300
16	 1	 5	214.684	0.315
16	 1	 6	213.658	0.291
16	 1	 7	212.671	0.273
16	 2	 0	219.707	0.288
16	 2	 1	218.673	0.289
16	 2	 2	217.763	0.278
16	 2	 3	216.658	0.283
16	 2	 4	215.712	0.311
16	 2	 5	214.647	0.268
16	 2	 6	213.689	0.267
16	 2	 7	212.637	0.294
16	 3	 0	219.726	0.295
16	 3	 1	218.713	0.284
16	 3	 2	217.787	0.255
16	 3	 3	216.659	0.307
16	 3	 4	215.758	0.294
16	 3	 5	214.650	0.299
16	 3	 6	213.643	0.300
16	 3	 7	212.626	0.274
16	 4	 0	219.733	0.276
16	 4	 1	218.708	0.267
16	 4	 2	217.761	0.278
16	 4	 3	216.633	0.302
16	 4	 4	215.689	0.305
16	 4	 5	214.630	0.287
16	 4	 6	213.663	0.275
16	 4	 7	212.660	0.279
16	 5	 0	219.737	0.286
16	 5	 1	218.710	0.300
16	 5	 2	217.758	0.286
16	 5	 3	216.655	0.290
16	 5	 4	215.700	0.326
16	 5	 5	214.626	0.319
16	 5	 6	213.712	0.259
16	 5	 7	212.700	0.272
16	 6	 0	219.758	0.302
16	 6	 1	218.705	0.287
16	 6	 2	217.773	0.308
16	 6	 3	216.686	0.308
16	 6	 4	215.724	0.306
16	 6	 5	214.691	0.310
16	 6	 6	213.676	0.295
16	 6	 7	212.629	0.303
16	 7	 0	219.720	0.315
16	 7	 1	218.667	0.291
16	 7	 2	217.755	0.307
16	 7	 3	216.706	0.337
16	 7	 4	215.717	0.338
16	 7	 5	214.721	0.299
16	 7	 6	213.681	0.318
16	 7	 7	212.656	0.282
17	 0	 0	221.706	0.329
17	 0	 1	220.635	0.327
17	 0	 2	219.720	0.315
17	 0	 3	218.641	0.312
17	 0	 4	217.728	0.313
17	 0	 5	216.590	0.326
17	 0	 6	215.737	0.336
17	 0	 7	214.658	0.320
17	 1	 0	221.673	0.306
17	 1	 1	220.601	0.299
17	 1	 2	219.665	0.290
17	 1	 3	218.603	0.288
17	 1	 4	217.702	0.286
17	 1	 5	216.602	0.302
17	 1	 6	215.773	0.308
17	 1	 7	214.634	0.302
17	 2	 0	221.732	0.267
17	 2	 1	220.621	0.271
17	 2	 2	219.686	0.304
17	 2	 3	218.647	0.273
17	 2	 4	217.681	0.288
17	 2	 5	216.610	0.300
17	 2	 6	215.718	0.304
17	 2	 7	214.650	0.299
17	 3	 0	221.731	0.284
17	 3	 1	220.529	0.283
17	 3	 2	219.693	0.298
17	 3	 3	218.606	0.264
17	 3	 4	217.683	0.272
17	 3	 5	216.634	0.273
17	 3	 6	215.692	0.287
17	 3	 7	214.628	0.293
17	 4	 0	221.722	0.288
17	 4	 1	220.615	0.287
17	 4	 2	219.693	0.298
17	 4	 3	218.622	0.268
17	 4	 4	217.686	0.266
17	 4	 5	216.644	0.304
17	 4	 6	215.777	0.252
17	 4	 7	214.648	0.287
17	 5	 0	221.655	0.316
17	 5	 1	220.577	0.314
17	 5	 2	219.653	0.312
17	 5	 3	218.618	0.298
17	 5	 4	217.660	0.284
17	 5	 5	216.675	0.290
17	 5	 6	215.711	0.315
17	 5	 7	214.624	0.307
17	 6	 0	221.718	0.308
17	 6	 1	220.601	0.327
17	 6	 2	219.650	0.299
17	 6	 3	218.607	0.289
17	 6	 4	217.660	0.300
17	 6	 5	216.622	0.300
17	 6	 6	215.737	0.300
17	 6	 7	214.583	0.317
17	 7	 0	221.677	0.316
17	 7	 1	220.591	0.319
17	 7	 2	219.676	0.304
17	 7	 3	218.661	0.301
17	 7	 4	217.644	0.316
17	 7	 5	216.647	0.339
17	 7	 6	215.738	0.300
17	 7	 7	214.583	0.320
18	 0	 0	225.386	0.351
18	 0	 1	224.242	0.336
18	 0	 2	223.286	0.341
18	 0	 3	222.216	0.331
18	 0	 4	221.253	0.331
18	 0	 5	220.151	0.329
18	 0	 6	219.168	0.303
18	 0	 7	218.191	0.305
18	 1	 0	225.369	0.322
18	 1	 1	224.226	0.327
18	 1	 2	223.296	0.328
18	 1	 3	222.262	0.327
18	 1	 4	221.269	0.324
18	 1	 5	220.140	0.313
18	 1	 6	219.261	0.307
18	 1	 7	218.189	0.306
18	 2	 0	225.338	0.316
18	 2	 1	224.236	0.317
18	 2	 2	223.285	0.291
18	 2	 3	222.187	0.297
18	 2	 4	221.285	0.302
18	 2	 5	220.145	0.298
18	 2	 6	219.203	0.301
18	 2	 7	218.171	0.289
18	 3	 0	225.351	0.319
18	 3	 1	224.220	0.272
18	 3	 2	223.303	0.309
18	 3	 3	222.195	0.304
18	 3	 4	221.279	0.287
18	 3	 5	220.176	0.311
18	 3	 6	219.173	0.288
18	 3	 7	218.176	0.300
18	 4	 0	225.356	0.304
18	 4	 1	224.266	0.315
18	 4	 2	223.294	0.317
18	 4	 3	222.218	0.285
18	 4	 4	221.311	0.314
18	 4	 5	220.149	0.278
18	 4	 6	219.216	0.296
18	 4	 7	218.197	0.293
18	 5	 0	225.317	0.302
18	 5	 1	224.234	0.312
18	 5	 2	223.276	0.321
18	 5	 3	222.205	0.309
18	 5	 4	221.245	0.307
18	 5	 5	220.165	0.304
18	 5	 6	219.212	0.314
18	 5	 7	218.163	0.316
18	 6	 0	225.329	0.324
18	 6	 1	224.277	0.329
18	 6	 2	223.260	0.332
18	 6	 3	222.159	0.335
18	 6	 4	221.233	0.340
18	 6	 5	220.139	0.334
18	 6	 6	219.231	0.331
18	 6	 7	218.184	0.308
18	 7	 0	225.333	0.334
18	 7	 1	224.278	0.352
18	 7	 2	223.265	0.321
18	 7	 3	222.174	0.321
18	 7	 4	221.280	0.354
18	 7	 5	220.112	0.334
18	 7	 6	219.195	0.321
18	 7	 7	218.153	0.319
19	 0	 0	215.450	0.378
19	 0	 1	214.420	0.387
19	 0	 2	213.454	0.368
19	 0	 3	212.404	0.381
19	 0	 4	211.454	0.372
19	 0	 5	210.343	0.380
19	 0	 6	209.320	0.370
19	 0	 7	208.226	0.384
19	 1	 0	215.463	0.336
19	 1	 1	214.390	0.317
19	 1	 2	213.422	0.315
19	 1	 3	212.393	0.333
19	 1	 4	211.453	0.338
19	 1	 5	210.336	0.345
19	 1	 6	209.367	0.347
19	 1	 7	208.284	0.355
19	 2	 0	215.450	0.340
19	 2	 1	214.396	0.321
19	 2	 2	213.436	0.328
19	 2	 3	212.348	0.297
19	 2	 4	211.395	0.319
19	 2	 5	210.342	0.327
19	 2	 6	209.325	0.338
19	 2	 7	208.262	0.327
19	 3	 0	215.463	0.326
19	 3	 1	214.415	0.306
19	 3	 2	213.459	0.311
19	 3	 3	212.392	0.310
19	 3	 4	211.459	0.350
19	 3	 5	210.374	0.341
19	 3	 6	209.336	0.342
19	 3	 7	208.256	0.325
19	 4	 0	215.490	0.347
19	 4	 1	214.377	0.342
19	 4	 2	213.409	0.299
19	 4	 3	212.395	0.317
19	 4	 4	211.406	0.330
19	 4	 5	210.318	0.332
19	 4	 6	209.352	0.325
19	 4	 7	208.278	0.333
19	 5	 0	215.485	0.338
19	 5	 1	214.315	0.343
19	 5	 2	213.433	0.306
19	 5	 3	212.368	0.328
19	 5	 4	211.435	0.353
19	 5	 5	210.389	0.356
19	 5	 6	209.389	0.344
19	 5	 7	208.250	0.362
19	 6	 0	215.493	0.363
19	 6	 1	214.417	0.346
19	 6	 2	213.435	0.344
19	 6	 3	212.448	0.313
19	 6	 4	211.447	0.328
19	 6	 5	210.309	0.343
19	 6	 6	209.367	0.350
19	 6	 7	208.250	0.365
19	 7	 0	215.486	0.345
19	 7	 1	214.360	0.346
19	 7	 2	213.431	0.340
19	 7	 3	212.382	0.360
19	 7	 4	211.502	0.352
19	 7	 5	210.325	0.372
19	 7	 6	209.340	0.364
19	 7	 7	208.197	0.345
20	 0	 0	223.328	0.368
20	 0	 1	222.225	0.374
20	 0	 2	221.208	0.386
20	 0	 3	220.173	0.381
20	 0	 4	219.285	0.392
20	 0	 5	218.251	0.337
20	 0	 6	217.231	0.345
20	 0	 7	216.296	0.383
20	 1	 0	223.374	0.333
20	 1	 1	222.222	0.345
20	 1	 2	221.205	0.323
20	 1	 3	220.237	0.356
20	 1	 4	219.246	0.330
20	 1	 5	218.264	0.293
20	 1	 6	217.244	0.319
20	 1	 7	216.273	0.347
20	 2	 0	223.362	0.325
20	 2	 1	222.223	0.310
20	 2	 2	221.197	0.327
20	 2	 3	220.222	0.293
20	 2	 4	219.272	0.283
20	 2	 5	218.276	0.294
20	 2	 6	217.266	0.293
20	 2	 7	216.214	0.305
20	 3	 0	223.330	0.339
20	 3	 1	222.208	0.323
20	 3	 2	221.276	0.338
20	 3	 3	220.180	0.334
20	 3	 4	219.231	0.306
20	 3	 5	218.181	0.309
20	 3	 6	217.302	0.309
20	 3	 7	216.236	0.318
20	 4	 0	223.316	0.315
20	 4	 1	222.223	0.302
20	 4	 2	221.156	0.307
20	 4	 3	220.203	0.337
20	 4	 4	219.188	0.296
20	 4	 5	218.236	0.304
20	 4	 6	217.274	0.326
20	 4	 7	216.214	0.343
20	 5	 0	223.259	0.313
20	 5	 1	222.215	0.348
20	 5	 2	221.171	0.344
20	 5	 3	220.076	0.334
20	 5	 4	219.184	0.308
20	 5	 5	218.263	0.317
20	 5	 6	217.209	0.328
20	 5	 7	216.261	0.318
20	 6	 0	223.212	0.376
20	 6	 1	222.208	0.351
20	 6	 2	221.272	0.331
20	 6	 3	220.061	0.275
20	 6	 4	219.178	0.327
20	 6	 5	218.287	0.328
20	 6	 6	217.222	0.323
20	 6	 7	216.237	0.347
20	 7	 0	223.251	0.349
20	 7	 1	222.214	0.305
20	 7	 2	221.266	0.350
20	 7	 3	220.195	0.346
20	 7	 4	219.261	0.336
20	 7	 5	218.249	0.333
20	 7	 6	217.234	0.312
20	 7	 7	216.152	0.329
21	 0	 0	223.363	0.352
21	 0	 1	222.277	0.356
21	 0	 2	221.348	0.368
21	 0	 3	220.278	0.365
21	 0	 4	219.347	0.347
21	 0	 5	218.336	0.356
21	 0	 6	217.369	0.338
21	 0	 7	216.264	0.347
21	 1	 0	223.363	0.325
21	 1	 1	222.357	0.331
21	 1	 2	221.337	0.309
21	 1	 3	220.242	0.354
21	 1	 4	219.292	0.322
21	 1	 5	218.292	0.288
21	 1	 6	217.321	0.313
21	 1	 7	216.239	0.327
21	 2	 0	223.388	0.301
21	 2	 1	222.361	0.298
21	 2	 2	221.311	0.296
21	 2	 3	220.207	0.276
21	 2	 4	219.269	0.298
21	 2	 5	218.377	0.309
21	 2	 6	217.326	0.307
21	 2	 7	216.222	0.310
21	 3	 0	223.411	0.321
21	 3	 1	222.340	0.304
21	 3	 2	221.335	0.317
21	 3	 3	220.232	0.298
21	 3	 4	219.265	0.277
21	 3	 5	218.317	0.298
21	 3	 6	217.311	0.274
21	 3	 7	216.257	0.280
21	 4	 0	223.444	0.309
21	 4	 1	222.355	0.297
21	 4	 2	221.315	0.323
21	 4	 3	220.264	0.311
21	 4	 4	219.274	0.307
21	 4	 5	218.290	0.276
21	 4	 6	217.310	0.281
21	 4	 7	216.278	0.305
21	 5	 0	223.415	0.304
21	 5	 1	222.365	0.303
21	 5	 2	221.287	0.296
21	 5	 3	220.280	0.287
21	 5	 4	219.353	0.321
21	 5	 5	218.229	0.281
21	 5	 6	217.341	0.296
21	 5	 7	216.278	0.300
21	 6	 0	223.425	0.304
21	 6	 1	222.401	0.308
21	 6	 2	221.306	0.303
21	 6	 3	220.223	0.309
21	 6	 4	219.357	0.293
21	 6	 5	218.271	0.275
21	 6	 6	217.295	0.287
21	 6	 7	216.251	0.305
21	 7	 0	223.458	0.335
21	 7	 1	222.386	0.311
21	 7	 2	221.347	0.324
21	 7	 3	220.250	0.337
21	 7	 4	219.371	0.345
21	 7	 5	218.331	0.292
21	 7	 6	217.297	0.316
21	 7	 7	216.246	0.324
22	 0	 0	217.067	0.367
22	 0	 1	215.982	0.418
22	 0	 2	215.018	0.352
22	 0	 3	213.870	0.367
22	 0	 4	212.987	0.362
22	 0	 5	212.050	0.350
22	 0	 6	210.887	0.388
22	 0	 7	209.888	0.370
22	 1	 0	217.081	0.354
22	 1	 1	216.005	0.326
22	 1	 2	214.970	0.332
22	 1	 3	213.909	0.299
22	 1	 4	213.001	0.325
22	 1	 5	212.027	0.322
22	 1	 6	210.904	0.349
22	 1	 7	209.853	0.331
22	 2	 0	217.083	0.301
22	 2	 1	216.022	0.333
22	 2	 2	214.955	0.306
22	 2	 3	213.909	0.318
22	 2	 4	212.992	0.284
22	 2	 5	212.025	0.349
22	 2	 6	210.898	0.327
22	 2	 7	209.844	0.294
22	 3	 0	217.099	0.292
22	 3	 1	215.991	0.285
22	 3	 2	214.970	0.349
22	 3	 3	213.915	0.265
22	 3	 4	212.989	0.284
22	 3	 5	212.030	0.265
22	 3	 6	210.923	0.298
22	 3	 7	209.864	0.316
22	 4	 0	217.088	0.260
22	 4	 1	216.024	0.283
22	 4	 2	214.968	0.292
22	 4	 3	213.910	0.299
22	 4	 4	213.000	0.285
22	 4	 5	211.956	0.296
22	 4	 6	210.872	0.318
22	 4	 7	209.875	0.304
22	 5	 0	217.059	0.267
22	 5	 1	216.021	0.317
22	 5	 2	214.960	0.329
22	 5	 3	213.880	0.307
22	 5	 4	213.067	0.274
22	 5	 5	211.909	0.298
22	 5	 6	210.869	0.337
22	 5	 7	209.853	0.323
22	 6	 0	217.076	0.299
22	 6	 1	215.958	0.347
22	 6	 2	214.977	0.308
22	 6	 3	213.891	0.324
22	 6	 4	213.063	0.275
22	 6	 5	211.931	0.327
22	 6	 6	210.892	0.312
22	 6	 7	209.863	0.326
22	 7	 0	217.107	0.310
22	 7	 1	216.016	0.310
22	 7	 2	214.994	0.348
22	 7	 3	213.894	0.311
22	 7	 4	213.098	0.316
22	 7	 5	211.936	0.324
22	 7	 6	211.035	0.352
22	 7	 7	209.906	0.314
23	 0	 0	222.386	0.422
23	 0	 1	221.358	0.390
23	 0	 2	220.368	0.426
23	 0	 3	219.269	0.406
23	 0	 4	218.324	0.399
23	 0	 5	217.343	0.406
23	 0	 6	216.356	0.382
23	 0	 7	215.307	0.409
23	 1	 0	222.392	0.363
23	 1	 1	221.317	0.352
23	 1	 2	220.331	0.350
23	 1	 3	219.335	0.369
23	 1	 4	218.326	0.332
23	 1	 5	217.395	0.341
23	 1	 6	216.366	0.362
23	 1	 7	215.311	0.357
23	 2	 0	222.366	0.352
23	 2	 1	221.334	0.368
23	 2	 2	220.308	0.337
23	 2	 3	219.291	0.334
23	 2	 4	218.340	0.324
23	 2	 5	217.315	0.316
23	 2	 6	216.342	0.347
23	 2	 7	215.296	0.325
23	 3	 0	222.363	0.339
23	 3	 1	221.270	0.314
23	 3	 2	220.327	0.337
23	 3	 3	219.323	0.326
23	 3	 4	218.312	0.342
23	 3	 5	217.334	0.314
23	 3	 6	216.379	0.340
23	 3	 7	215.317	0.332
23	 4	 0	222.491	0.345
23	 4	 1	221.311	0.329
23	 4	 2	220.345	0.334
23	 4	 3	219.282	0.309
23	 4	 4	218.351	0.309
23	 4	 5	217.321	0.313
23	 4	 6	216.344	0.323
23	 4	 7	215.297	0.320
23	 5	 0	222.392	0.326
23	 5	 1	221.393	0.323
23	 5	 2	220.333	0.328
23	 5	 3	219.283	0.322
23	 5	 4	218.353	0.283
23	 5	 5	217.304	0.304
23	 5	 6	216.361	0.326
23	 5	 7	215.267	0.320
23	 6	 0	222.403	0.350
23	 6	 1	221.381	0.339
23	 6	 2	220.377	0.326
23	 6	 3	219.312	0.324
23	 6	 4	218.352	0.306
23	 6	 5	217.319	0.310
23	 6	 6	216.357	0.328
23	 6	 7	215.334	0.328
23	 7	 0	222.423	0.351
23	 7	 1	221.321	0.334
23	 7	 2	220.373	0.344
23	 7	 3	219.334	0.307
23	 7	 4	218.400	0.314
23	 7	 5	217.338	0.316
23	 7	 6	216.362	0.352
23	 7	 7	215.325	0.345
24	 0	 0	213.511	0.422
24	 0	 1	212.431	0.428
24	 0	 2	211.482	0.428
24	 0	 3	210.348	0.457
24	 0	 4	209.379	0.432
24	 0	 5	208.290	0.442
24	 0	 6	207.255	0.465
24	 0	 7	206.116	0.469
24	 1	 0	213.601	0.368
24	 1	 1	212.514	0.383
24	 1	 2	211.438	0.384
24	 1	 3	210.365	0.377
24	 1	 4	209.459	0.376
24	 1	 5	208.255	0.414
24	 1	 6	207.219	0.405
24	 1	 7	206.143	0.342
24	 2	 0	213.586	0.339
24	 2	 1	212.463	0.332
24	 2	 2	211.489	0.362
24	 2	 3	210.347	0.365
24	 2	 4	209.393	0.369
24	 2	 5	208.241	0.362
24	 2	 6	207.182	0.357
24	 2	 7	206.098	0.361
24	 3	 0	213.554	0.310
24	 3	 1	212.483	0.345
24	 3	 2	211.434	0.350
24	 3	 3	210.345	0.337
24	 3	 4	209.390	0.327
24	 3	 5	208.211	0.321
24	 3	 6	207.211	0.321
24	 3	 7	206.123	0.370
24	 4	 0	213.571	0.311
24	 4	 1	212.486	0.334
24	 4	 2	211.469	0.343
24	 4	 3	210.341	0.350
24	 4	 4	209.390	0.325
24	 4	 5	208.226	0.333
24	 4	 6	207.201	0.332
24	 4	 7	206.150	0.365
24	 5	 0	213.558	0.310
24	 5	 1	212.473	0.320
24	 5	 2	211.469	0.319
24	 5	 3	210.352	0.334
24	 5	 4	209.432	0.331
24	 5	 5	208.219	0.330
24	 5	 6	207.229	0.355
24	 5	 7	206.077	0.328
24	 6	 0	213.610	0.329
24	 6	 1	212.464	0.302
24	 6	 2	211.484	0.330
24	 6	 3	210.363	0.313
24	 6	 4	209.383	0.346
24	 6	 5	208.228	0.351
24	 6	 6	207.216	0.331
24	 6	 7	206.120	0.321
24	 7	 0	213.509	0.329
24	 7	 1	212.517	0.312
24	 7	 2	211.458	0.318
24	 7	 3	210.361	0.314
24	 7	 4	209.401	0.337
24	 7	 5	208.223	0.358
24	 7	 6	207.204	0.331
24	 7	 7	206.109	0.324
25	 0	 0	208.980	0.428
25	 0	 1	207.921	0.434
25	 0	 2	206.908	0.445
25	 0	 3	205.764	0.369
25	 0	 4	204.915	0.448
25	 0	 5	203.763	0.364
25	 0	 6	202.794	0.368
25	 0	 7	201.818	0.392
25	 1	 0	208.981	0.382
25	 1	 1	207.860	0.385
25	 1	 2	206.885	0.353
25	 1	 3	205.786	0.363
25	 1	 4	204.889	0.336
25	 1	 5	203.751	0.354
25	 1	 6	202.821	0.347
25	 1	 7	201.855	0.340
25	 2	 0	208.957	0.339
25	 2	 1	207.864	0.253
25	 2	 2	206.833	0.314
25	 2	 3	205.769	0.325
25	 2	 4	204.893	0.325
25	 2	 5	203.774	0.315
25	 2	 6	202.809	0.314
25	 2	 7	201.764	0.323
25	 3	 0	208.945	0.312
25	 3	 1	207.886	0.322
25	 3	 2	206.902	0.339
25	 3	 3	205.782	0.336
25	 3	 4	204.928	0.356
25	 3	 5	203.766	0.289
25	 3	 6	202.828	0.321
25	 3	 7	201.813	0.283
25	 4	 0	208.992	0.307
25	 4	 1	207.877	0.255
25	 4	 2	206.864	0.301
25	 4	 3	205.805	0.304
25	 4	 4	204.893	0.292
25	 4	 5	203.802	0.311
25	 4	 6	202.785	0.326
25	 4	 7	201.799	0.261
25	 5	 0	208.993	0.324
25	 5	 1	207.845	0.328
25	 5	 2	206.899	0.326
25	 5	 3	205.710	0.323
25	 5	 4	204.944	0.325
25	 5	 5	203.780	0.330
25	 5	 6	202.824	0.269
25	 5	 7	201.793	0.288
25	 6	 0	208.986	0.308
25	 6	 1	207.858	0.312
25	 6	 2	206.929	0.302
25	 6	 3	205.797	0.291
25	 6	 4	204.866	0.326
25	 6	 5	203.774	0.308
25	 6	 6	202.833	0.290
25	 6	 7	201.790	0.298
25	 7	 0	209.002	0.324
25	 7	 1	207.827	0.301
25	 7	 2	206.809	0.305
25	 7	 3	205.829	0.290
25	 7	 4	204.857	0.312
25	 7	 5	203.791	0.288
25	 7	 6	202.829	0.313
25	 7	 7	201.760	0.303
26	 0	 0	218.488	0.342
26	 0	 1	217.531	0.392
26	 0	 2	216.490	0.349
26	 0	 3	215.495	0.328
26	 0	 4	214.562	0.406
26	 0	 5	213.489	0.339
26	 0	 6	212.483	0.343
26	 0	 7	211.436	0.374
26	 1	 0	218.514	0.331
26	 1	 1	217.473	0.293
26	 1	 2	216.516	0.332
26	 1	 3	215.400	0.316
26	 1	 4	214.497	0.330
26	 1	 5	213.482	0.286
26	 1	 6	212.494	0.295
26	 1	 7	211.433	0.326
26	 2	 0	218.472	0.276
26	 2	 1	217.466	0.309
26	 2	 2	216.497	0.304
26	 2	 3	215.468	0.289
26	 2	 4	214.553	0.285
26	 2	 5	213.442	0.282
26	 2	 6	212.506	0.295
26	 2	 7	211.390	0.317
26	 3	 0	218.489	0.276
26	 3	 1	217.464	0.280
26	 3	 2	216.510	0.289
26	 3	 3	215.491	0.257
26	 3	 4	214.490	0.291
26	 3	 5	213.472	0.255
26	 3	 6	212.546	0.271
26	 3	 7	211.488	0.295
26	 4	 0	218.516	0.228
26	 4	 1	217.495	0.296
26	 4	 2	216.598	0.253
26	 4	 3	215.478	0.262
26	 4	 4	214.500	0.299
26	 4	 5	213.483	0.312
26	 4	 6	212.558	0.297
26	 4	 7	211.463	0.303
26	 5	 0	218.490	0.263
26	 5	 1	217.527	0.274
26	 5	 2	216.511	0.299
26	 5	 3	215.462	0.284
26	 5	 4	214.513	0.271
26	 5	 5	213.403	0.272
26	 5	 6	212.490	0.260
26	 5	 7	211.456	0.298
26	 6	 0	218.471	0.292
26	 6	 1	217.493	0.282
26	 6	 2	216.509	0.304
26	 6	 3	215.424	0.283
26	 6	 4	214.532	0.283
26	 6	 5	213.377	0.248
26	 6	 6	212.517	0.283
26	 6	 7	211.535	0.266
26	 7	 0	218.513	0.285
26	 7	 1	217.510	0.282
26	 7	 2	216.589	0.287
26	 7	 3	215.438	0.299
26	 7	 4	214.515	0.296
26	 7	 5	213.494	0.267
26	 7	 6	212.582	0.307
26	 7	 7	211.433	0.289
27	 0	 0	218.603	0.349
27	 0	 1	217.487	0.365
27	 0	 2	216.383	0.418
27	 0	 3	215.453	0.365
27	 0	 4	214.394	0.379
27	 0	 5	213.327	0.366
27	 0	 6	212.347	0.352
27	 0	 7	211.249	0.373
27	 1	 0	218.615	0.299
27	 1	 1	217.539	0.320
27	 1	 2	216.568	0.316
27	 1	 3	215.282	0.376
27	 1	 4	214.353	0.349
27	 1	 5	213.478	0.308
27	 1	 6	212.496	0.333
27	 1	 7	211.305	0.349
27	 2	 0	218.612	0.295
27	 2	 1	217.564	0.304
27	 2	 2	216.576	0.313
27	 2	 3	215.475	0.330
27	 2	 4	214.554	0.321
27	 2	 5	213.512	0.307
27	 2	 6	212.488	0.304
27	 2	 7	211.203	0.301
27	 3	 0	218.647	0.268
27	 3	 1	217.360	0.280
27	 3	 2	216.589	0.305
27	 3	 3	215.407	0.266
27	 3	 4	214.405	0.277
27	 3	 5	213.266	0.277
27	 3	 6	212.467	0.286
27	 3	 7	211.261	0.390
27	 4	 0	218.447	0.285
27	 4	 1	217.396	0.316
27	 4	 2	216.510	0.282
27	 4	 3	215.269	0.333
27	 4	 4	214.470	0.365
27	 4	 5	213.348	0.324
27	 4	 6	212.275	0.281
27	 4	 7	211.212	0.256
27	 5	 0	218.572	0.292
27	 5	 1	217.356	0.285
27	 5	 2	216.593	0.308
27	 5	 3	215.465	0.297
27	 5	 4	214.386	0.289
27	 5	 5	213.317	0.319
27	 5	 6	212.537	0.309
27	 5	 7	211.254	0.290
27	 6	 0	218.398	0.281
27	 6	 1	217.371	0.315
27	 6	 2	216.547	0.310
27	 6	 3	215.452	0.319
27	 6	 4	214.474	0.320
27	 6	 5	213.376	0.235
27	 6	 6	212.329	0.293
27	 6	 7	211.310	0.292
27	 7	 0	218.643	0.300
27	 7	 1	217.460	0.294
27	 7	 2	216.466	0.364
27	 7	 3	215.258	0.324
27	 7	 4	214.578	0.297
27	 7	 5	213.458	0.279
27	 7	 6	212.299	0.296
27	 7	 7	211.468	0.289
28	 0	 0	221.419	0.321
28	 0	 1	220.335	0.330
28	 0	 2	219.378	0.300
28	 0	 3	218.278	0.300
28	 0	 4	217.414	0.304
28	 0	 5	216.344	0.320
28	 0	 6	215.388	0.318
28	 0	 7	214.294	0.313
28	 1	 0	221.402	0.288
28	 1	 1	220.302	0.284
28	 1	 2	219.371	0.306
28	 1	 3	218.285	0.270
28	 1	 4	217.381	0.246
28	 1	 5	216.321	0.282
28	 1	 6	215.348	0.297
28	 1	 7	214.299	0.297
28	 2	 0	221.411	0.287
28	 2	 1	220.244	0.248
28	 2	 2	219.364	0.278
28	 2	 3	218.287	0.277
28	 2	 4	217.391	0.262
28	 2	 5	216.349	0.292
28	 2	 6	215.309	0.261
28	 2	 7	214.268	0.266
28	 3	 0	221.419	0.271
28	 3	 1	220.293	0.281
28	 3	 2	219.355	0.262
28	 3	 3	218.302	0.278
28	 3	 4	217.427	0.270
28	 3	 5	216.315	0.258
28	 3	 6	215.392	0.261
28	 3	 7	214.213	0.256
28	 4	 0	221.424	0.286
28	 4	 1	220.313	0.279
28	 4	 2	219.357	0.272
28	 4	 3	218.316	0.266
28	 4	 4	217.417	0.265
28	 4	 5	216.313	0.279
28	 4	 6	215.384	0.287
28	 4	 7	214.285	0.270
28	 5	 0	221.399	0.270
28	 5	 1	220.339	0.284
28	 5	 2	219.340	0.256
28	 5	 3	218.300	0.264
28	 5	 4	217.426	0.254
28	 5	 5	216.320	0.277
28	 5	 6	215.391	0.287
28	 5	 7	214.315	0.279
28	 6	 0	221.431	0.271
28	 6	 1	220.335	0.286
28	 6	 2	219.385	0.269
28	 6	 3	218.300	0.272
28	 6	 4	217.492	0.283
28	 6	 5	216.324	0.281
28	 6	 6	215.381	0.288
28	 6	 7	214.307	0.261
28	 7	 0	221.377	0.284
28	 7	 1	220.280	0.279
28	 7	 2	219.339	0.257
28	 7	 3	218.310	0.306
28	 7	 4	217.425	0.262
28	 7	 5	216.371	0.293
28	 7	 6	215.396	0.291
28	 7	 7	214.329	0.279
29	 0	 0	212.936	0.323
29	 0	 1	211.851	0.346
29	 0	 2	210.769	0.359
29	 0	 3	209.670	0.323
29	 0	 4	208.705	0.340
29	 0	 5	207.534	0.340
29	 0	 6	206.630	0.367
29	 0	 7	205.439	0.343
29	 1	 0	212.855	0.298
29	 1	 1	211.766	0.289
29	 1	 2	210.770	0.307
29	 1	 3	209.591	0.282
29	 1	 4	208.793	0.276
29	 1	 5	207.555	0.302
29	 1	 6	206.507	0.284
29	 1	 7	205.523	0.287
29	 2	 0	213.000	0.308
29	 2	 1	211.768	0.268
29	 2	 2	210.742	0.258
29	 2	 3	209.621	0.275
29	 2	 4	208.741	0.295
29	 2	 5	207.587	0.252
29	 2	 6	206.587	0.294
29	 2	 7	205.504	0.268
29	 3	 0	212.919	0.271
29	 3	 1	211.915	0.300
29	 3	 2	210.792	0.308
29	 3	 3	209.651	0.259
29	 3	 4	208.728	0.275
29	 3	 5	207.613	0.272
29	 3	 6	206.656	0.255
29	 3	 7	205.404	0.271
29	 4	 0	212.948	0.278
29	 4	 1	211.940	0.274
29	 4	 2	210.922	0.259
29	 4	 3	209.616	0.260
29	 4	 4	208.820	0.327
29	 4	 5	207.596	0.264
29	 4	 6	206.514	0.278
29	 4	 7	205.431	0.259
29	 5	 0	212.921	0.272
29	 5	 1	211.944	0.261
29	 5	 2	210.787	0.297
29	 5	 3	209.654	0.276
29	 5	 4	208.741	0.279
29	 5	 5	207.566	0.276
29	 5	 6	206.553	0.264
29	 5	 7	205.441	0.302
29	 6	 0	212.939	0.276
29	 6	 1	211.795	0.290
29	 6	 2	210.839	0.306
29	 6	 3	209.700	0.265
29	 6	 4	208.744	0.281
29	 6	 5	207.615	0.273
29	 6	 6	206.579	0.276
29	 6	 7	205.436	0.285
29	 7	 0	212.918	0.299
29	 7	 1	211.907	0.252
29	 7	 2	210.791	0.307
29	 7	 3	209.669	0.305
29	 7	 4	208.830	0.338
29	 7	 5	207.619	0.266
29	 7	 6	206.672	0.261
29	 7	 7	205.367	0.268
30	 0	 0	218.320	0.282
30	 0	 1	217.351	0.316
30	 0	 2	216.329	0.316
30	 0	 3	215.284	0.338
30	 0	 4	214.278	0.324
30	 0	 5	213.332	0.315
30	 0	 6	212.298	0.307
30	 0	 7	211.267	0.338
30	 1	 0	218.328	0.268
30	 1	 1	217.384	0.284
30	 1	 2	216.317	0.272
30	 1	 3	215.294	0.308
30	 1	 4	214.344	0.286
30	 1	 5	213.330	0.278
30	 1	 6	212.316	0.299
30	 1	 7	211.210	0.276
30	 2	 0	218.330	0.267
30	 2	 1	217.341	0.278
30	 2	 2	216.291	0.267
30	 2	 3	215.281	0.298
30	 2	 4	214.295	0.274
30	 2	 5	213.336	0.270
30	 2	 6	212.276	0.264
30	 2	 7	211.284	0.291
30	 3	 0	218.380	0.275
30	 3	 1	217.339	0.250
30	 3	 2	216.286	0.296
30	 3	 3	215.264	0.278
30	 3	 4	214.317	0.257
30	 3	 5	213.256	0.204
30	 3	 6	212.266	0.256
30	 3	 7	211.282	0.308
30	 4	 0	218.366	0.263
30	 4	 1	217.325	0.246
30	 4	 2	216.295	0.298
30	 4	 3	215.291	0.289
30	 4	 4	214.314	0.279
30	 4	 5	213.322	0.263
30	 4	 6	212.264	0.278
30	 4	 7	211.253	0.282
30	 5	 0	218.338	0.257
30	 5	 1	217.358	0.276
30	 5	 2	216.284	0.261
30	 5	 3	215.247	0.284
30	 5	 4	214.323	0.304
30	 5	 5	213.336	0.264
30	 5	 6	212.333	0.266
30	 5	 7	211.222	0.272
30	 6	 0	218.399	0.270
30	 6	 1	217.361	0.248
30	 6	 2	216.312	0.286
30	 6	 3	215.261	0.294
30	 6	 4	214.301	0.271
30	 6	 5	213.343	0.278
30	 6	 6	212.304	0.299
30	 6	 7	211.262	0.300
30	 7	 0	218.378	0.279
30	 7	 1	217.334	0.265
30	 7	 2	216.350	0.279
30	 7	 3	215.288	0.296
30	 7	 4	214.356	0.277
30	 7	 5	213.316	0.266
30	 7	 6	212.325	0.280
30	 7	 7	211.284	0.261
31	 0	 0	225.706	0.357
31	 0	 1	224.592	0.356
31	 0	 2	223.540	0.332
31	 0	 3	222.544	0.339
31	 0	 4	221.599	0.362
31	 0	 5	220.512	0.347
31	 0	 6	219.519	0.350
31	 0	 7	218.488	0.327
31	 1	 0	225.684	0.303
31	 1	 1	224.585	0.304
31	 1	 2	223.536	0.318
31	 1	 3	222.502	0.296
31	 1	 4	221.584	0.310
31	 1	 5	220.524	0.301
31	 1	 6	219.472	0.297
31	 1	 7	218.465	0.291
31	 2	 0	225.681	0.306
31	 2	 1	224.651	0.270
31	 2	 2	223.571	0.294
31	 2	 3	222.535	0.282
31	 2	 4	221.596	0.287
31	 2	 5	220.495	0.281
31	 2	 6	219.508	0.270
31	 2	 7	218.449	0.281
31	 3	 0	225.706	0.293
31	 3	 1	224.592	0.302
31	 3	 2	223.561	0.284
31	 3	 3	222.544	0.298
31	 3	 4	221.624	0.291
31	 3	 5	220.495	0.288
31	 3	 6	219.505	0.273
31	 3	 7	218.506	0.271
31	 4	 0	225.728	0.296
31	 4	 1	224.607	0.289
31	 4	 2	223.520	0.285
31	 4	 3	222.523	0.278
31	 4	 4	221.573	0.290
31	 4	 5	220.510	0.301
31	 4	 6	219.504	0.276
31	 4	 7	218.454	0.245
31	 5	 0	225.722	0.294
31	 5	 1	224.588	0.313
31	 5	 2	223.508	0.286
31	 5	 3	222.483	0.293
31	 5	 4	221.535	0.296
31	 5	 5	220.524	0.303
31	 5	 6	219.476	0.279
31	 5	 7	218.441	0.264
31	 6	 0	225.703	0.328
31	 6	 1	224.562	0.330
31	 6	 2	223.574	0.300
31	 6	 3	222.489	0.294
31	 6	 4	221.570	0.312
31	 6	 5	220.534	0.301
31	 6	 6	219.510	0.285
31	 6	 7	218.496	0.278
31	 7	 0	225.724	0.321
31	 7	 1	224.614	0.289
31	 7	 2	223.595	0.316
31	 7	 3	222.500	0.302
31	 7	 4	221.598	0.305
31	 7	 5	220.540	0.307
31	 7	 6	219.529	0.308
31	 7	 7	218.502	0.296
