INDEX
ENC_l_m: ENC obtained with pedestal rms and linear gain fit with mean values
ENC_l_mwo: ENC obtained with pedestal rms and linear gain fit with mean values without outliers
ENC_3_m: ENC obtained with pedestal rms and cubic gain fit with mean values
ENC_3_mwo: ENC obtained with pedestal rms and cubic gain fit with mean values without outliers
-----------------------------------------------------------------
ch	pt	ENC_l_m	ENC_l_mwo	ENC_3_m	ENC_3_mwo
 0	 0	2.675	2.676	2.329	2.333
 0	 1	2.359	2.336	2.164	2.144
 0	 2	2.325	2.325	2.158	2.159
 0	 3	2.292	2.296	2.111	2.112
 0	 4	2.278	2.260	2.129	2.109
 0	 5	2.353	2.353	2.242	2.242
 0	 6	2.547	2.549	2.406	2.408
 0	 7	2.498	2.498	2.410	2.409
 1	 0	3.064	3.046	2.522	2.514
 1	 1	3.005	3.000	2.544	2.534
 1	 2	2.933	2.916	2.494	2.483
 1	 3	2.925	2.915	2.486	2.489
 1	 4	2.929	2.918	2.501	2.502
 1	 5	2.859	2.859	2.472	2.471
 1	 6	3.064	3.064	2.694	2.693
 1	 7	3.112	3.112	2.707	2.707
 2	 0	3.010	2.917	2.509	2.426
 2	 1	2.925	2.891	2.529	2.502
 2	 2	2.875	2.832	2.484	2.449
 2	 3	2.865	2.861	2.505	2.505
 2	 4	2.979	2.979	2.561	2.556
 2	 5	3.028	3.028	2.687	2.686
 2	 6	2.982	2.982	2.674	2.674
 2	 7	3.139	3.126	2.837	2.824
 3	 0	3.122	3.126	2.612	2.623
 3	 1	2.992	2.890	2.660	2.574
 3	 2	3.059	2.996	2.671	2.606
 3	 3	2.956	2.919	2.636	2.606
 3	 4	3.050	2.984	2.748	2.693
 3	 5	3.158	3.076	2.841	2.770
 3	 6	3.159	3.142	2.890	2.881
 3	 7	3.222	3.190	2.913	2.892
 4	 0	3.123	2.807	2.567	2.308
 4	 1	2.950	2.816	2.593	2.473
 4	 2	2.888	2.827	2.539	2.486
 4	 3	2.936	2.907	2.655	2.617
 4	 4	2.820	2.764	2.571	2.532
 4	 5	2.841	2.832	2.586	2.574
 4	 6	2.832	2.832	2.662	2.658
 4	 7	3.080	3.045	2.794	2.756
 5	 0	3.813	3.426	3.051	2.738
 5	 1	3.458	3.328	2.924	2.821
 5	 2	3.317	3.254	2.760	2.716
 5	 3	2.954	2.938	2.504	2.491
 5	 4	3.080	3.080	2.619	2.617
 5	 5	3.070	3.014	2.643	2.596
 5	 6	2.913	2.913	2.522	2.524
 5	 7	3.047	2.972	2.606	2.543
 6	 0	3.280	2.957	2.657	2.400
 6	 1	2.963	2.882	2.547	2.476
 6	 2	2.774	2.691	2.406	2.342
 6	 3	2.765	2.749	2.471	2.449
 6	 4	2.743	2.720	2.490	2.470
 6	 5	2.737	2.701	2.471	2.440
 6	 6	2.610	2.591	2.429	2.412
 6	 7	2.943	2.870	2.686	2.621
 7	 0	3.847	3.079	3.138	2.507
 7	 1	3.350	2.922	2.939	2.576
 7	 2	2.914	2.713	2.560	2.378
 7	 3	2.882	2.761	2.524	2.421
 7	 4	2.858	2.765	2.579	2.504
 7	 5	2.898	2.745	2.580	2.449
 7	 6	2.794	2.730	2.545	2.486
 7	 7	2.996	2.937	2.726	2.669
 8	 0	4.320	3.368	3.584	2.800
 8	 1	4.035	3.439	3.459	2.947
 8	 2	3.466	3.258	2.970	2.790
 8	 3	3.537	3.335	3.042	2.866
 8	 4	3.581	3.340	3.098	2.880
 8	 5	3.730	3.528	3.296	3.112
 8	 6	4.236	3.841	3.727	3.391
 8	 7	4.629	4.096	4.020	3.556
 9	 0	3.646	3.538	3.062	2.970
 9	 1	3.452	3.236	3.004	2.805
 9	 2	3.172	3.158	2.758	2.740
 9	 3	3.290	3.207	2.915	2.842
 9	 4	3.393	3.336	3.001	2.956
 9	 5	3.571	3.477	3.148	3.058
 9	 6	3.721	3.641	3.287	3.233
 9	 7	4.031	3.785	3.578	3.376
10	 0	3.437	3.073	2.861	2.567
10	 1	3.155	3.105	2.773	2.730
10	 2	3.002	2.987	2.675	2.663
10	 3	3.194	3.146	2.810	2.767
10	 4	3.335	3.222	2.956	2.846
10	 5	3.428	3.263	3.085	2.942
10	 6	3.656	3.550	3.319	3.208
10	 7	3.898	3.704	3.511	3.342
11	 0	3.188	3.025	2.570	2.423
11	 1	3.051	2.970	2.576	2.519
11	 2	2.810	2.767	2.420	2.380
11	 3	2.891	2.894	2.500	2.498
11	 4	2.994	2.911	2.629	2.573
11	 5	3.223	3.012	2.861	2.679
11	 6	3.268	3.174	2.948	2.873
11	 7	3.782	3.599	3.376	3.202
12	 0	3.428	3.269	2.760	2.626
12	 1	3.232	3.168	2.774	2.720
12	 2	3.358	3.275	2.836	2.771
12	 3	3.388	3.325	2.938	2.884
12	 4	3.562	3.416	3.097	2.970
12	 5	3.740	3.611	3.285	3.165
12	 6	3.875	3.666	3.382	3.209
12	 7	4.295	4.282	3.786	3.784
13	 0	3.331	3.102	2.721	2.523
13	 1	2.994	2.942	2.643	2.589
13	 2	3.171	3.152	2.812	2.790
13	 3	3.429	3.288	3.095	2.976
13	 4	3.391	3.226	3.135	2.984
13	 5	3.848	3.678	3.505	3.325
13	 6	3.947	3.726	3.618	3.428
13	 7	4.524	4.502	4.123	4.106
14	 0	2.832	2.570	2.362	2.134
14	 1	2.898	2.770	2.540	2.432
14	 2	2.996	2.878	2.656	2.562
14	 3	3.134	2.956	2.753	2.600
14	 4	3.400	3.069	3.016	2.721
14	 5	3.760	3.473	3.435	3.183
14	 6	4.078	3.588	3.703	3.282
14	 7	4.827	4.109	4.308	3.655
15	 0	3.210	3.009	2.590	2.430
15	 1	3.177	3.173	2.699	2.689
15	 2	3.244	3.136	2.789	2.698
15	 3	3.417	3.285	2.935	2.821
15	 4	3.651	3.514	3.087	2.961
15	 5	4.046	3.786	3.612	3.365
15	 6	4.045	3.707	3.576	3.281
15	 7	4.752	4.214	4.146	3.666
16	 0	3.213	3.043	2.672	2.528
16	 1	3.241	3.052	2.851	2.685
16	 2	3.192	3.120	2.743	2.684
16	 3	3.128	3.115	2.742	2.729
16	 4	3.232	3.119	2.883	2.783
16	 5	3.416	3.363	3.030	2.990
16	 6	3.346	3.335	3.008	2.989
16	 7	3.483	3.432	3.166	3.134
17	 0	3.228	3.117	2.649	2.556
17	 1	3.144	3.106	2.700	2.646
17	 2	3.136	3.095	2.765	2.730
17	 3	3.325	3.243	2.886	2.829
17	 4	3.188	3.100	2.880	2.801
17	 5	3.520	3.474	3.151	3.102
17	 6	3.489	3.367	3.237	3.118
17	 7	3.488	3.399	3.265	3.182
18	 0	3.228	3.105	2.690	2.579
18	 1	3.074	3.010	2.708	2.654
18	 2	3.218	3.128	2.778	2.701
18	 3	3.136	3.113	2.777	2.768
18	 4	3.127	3.113	2.801	2.793
18	 5	3.300	3.230	2.951	2.886
18	 6	3.517	3.323	3.195	3.022
18	 7	3.544	3.519	3.223	3.198
19	 0	2.522	2.481	2.125	2.089
19	 1	2.661	2.605	2.334	2.282
19	 2	2.721	2.668	2.388	2.358
19	 3	2.772	2.735	2.428	2.401
19	 4	2.720	2.708	2.425	2.415
19	 5	2.861	2.822	2.592	2.556
19	 6	2.876	2.820	2.657	2.609
19	 7	2.883	2.820	2.650	2.589
20	 0	3.987	3.684	3.270	3.026
20	 1	4.137	3.886	3.456	3.244
20	 2	3.797	3.645	3.190	3.062
20	 3	3.708	3.601	3.061	2.977
20	 4	4.030	3.840	3.358	3.198
20	 5	3.863	3.737	3.369	3.266
20	 6	4.114	3.884	3.586	3.410
20	 7	3.840	3.599	3.365	3.152
21	 0	3.797	3.304	3.127	2.727
21	 1	3.426	3.225	2.971	2.803
21	 2	3.267	3.200	2.815	2.765
21	 3	3.229	3.231	2.817	2.812
21	 4	3.242	3.222	2.833	2.825
21	 5	3.260	3.171	2.891	2.808
21	 6	3.334	3.299	2.996	2.964
21	 7	3.476	3.434	3.146	3.099
22	 0	3.689	3.138	3.073	2.627
22	 1	3.417	3.201	2.984	2.800
22	 2	3.253	3.208	2.799	2.754
22	 3	3.226	3.092	2.849	2.737
22	 4	3.177	3.084	2.815	2.751
22	 5	3.246	3.173	2.940	2.881
22	 6	3.302	3.240	2.984	2.938
22	 7	3.548	3.474	3.205	3.136
23	 0	3.936	3.803	3.334	3.208
23	 1	3.782	3.375	3.271	2.922
23	 2	3.491	3.347	3.020	2.904
23	 3	3.678	3.492	3.212	3.042
23	 4	3.771	3.526	3.326	3.117
23	 5	3.918	3.668	3.456	3.244
23	 6	3.808	3.615	3.409	3.216
23	 7	3.985	3.773	3.572	3.381
24	 0	3.978	3.737	3.231	3.035
24	 1	3.572	3.384	3.094	2.931
24	 2	3.474	3.382	2.942	2.858
24	 3	3.262	3.119	2.819	2.684
24	 4	3.238	3.218	2.776	2.770
24	 5	3.346	3.368	2.903	2.910
24	 6	3.450	3.399	2.994	2.938
24	 7	3.312	3.304	2.955	2.948
25	 0	3.708	3.254	3.050	2.674
25	 1	3.436	3.245	2.974	2.825
25	 2	3.100	3.075	2.681	2.660
25	 3	3.069	3.054	2.693	2.682
25	 4	3.125	3.092	2.743	2.727
25	 5	3.204	3.163	2.803	2.766
25	 6	3.196	3.181	2.868	2.854
25	 7	3.297	3.242	2.945	2.891
26	 0	3.863	3.546	3.087	2.855
26	 1	3.502	3.336	2.918	2.776
26	 2	3.129	3.051	2.639	2.574
26	 3	3.159	3.159	2.679	2.677
26	 4	3.101	3.107	2.666	2.668
26	 5	3.144	3.144	2.724	2.724
26	 6	3.288	3.288	2.866	2.866
26	 7	3.172	3.153	2.847	2.830
27	 0	3.685	3.161	2.957	2.544
27	 1	3.318	3.236	2.824	2.765
27	 2	3.231	3.126	2.790	2.698
27	 3	3.109	3.017	2.718	2.642
27	 4	3.096	3.004	2.723	2.632
27	 5	3.036	3.006	2.760	2.742
27	 6	3.150	3.057	2.879	2.802
27	 7	3.305	3.135	3.042	2.895
28	 0	3.355	3.151	2.721	2.547
28	 1	3.235	3.172	2.728	2.677
28	 2	3.209	3.169	2.686	2.655
28	 3	3.028	3.029	2.553	2.556
28	 4	3.047	3.049	2.598	2.600
28	 5	3.123	3.127	2.735	2.735
28	 6	3.095	3.079	2.761	2.747
28	 7	3.124	3.104	2.767	2.754
29	 0	2.935	2.838	2.487	2.412
29	 1	2.877	2.833	2.446	2.409
29	 2	2.700	2.679	2.316	2.299
29	 3	2.722	2.691	2.361	2.331
29	 4	2.839	2.817	2.477	2.463
29	 5	2.846	2.846	2.529	2.525
29	 6	2.834	2.834	2.506	2.505
29	 7	3.164	3.091	2.823	2.764
30	 0	2.975	2.924	2.472	2.440
30	 1	3.020	2.920	2.602	2.514
30	 2	2.938	2.938	2.556	2.556
30	 3	2.985	2.975	2.605	2.595
30	 4	3.081	3.069	2.684	2.673
30	 5	3.046	3.046	2.664	2.664
30	 6	3.139	3.119	2.819	2.796
30	 7	3.136	3.119	2.833	2.819
31	 0	2.842	2.814	2.395	2.363
31	 1	2.878	2.871	2.509	2.491
31	 2	2.859	2.819	2.528	2.495
31	 3	2.842	2.827	2.480	2.465
31	 4	2.778	2.757	2.448	2.433
31	 5	3.110	3.080	2.727	2.693
31	 6	2.974	2.918	2.698	2.662
31	 7	3.146	3.102	2.850	2.812
