INDEX
ENC_l_m: ENC obtained with pedestal rms and linear gain fit with mean values
ENC_l_mwo: ENC obtained with pedestal rms and linear gain fit with mean values without outliers
ENC_3_m: ENC obtained with pedestal rms and cubic gain fit with mean values
ENC_3_mwo: ENC obtained with pedestal rms and cubic gain fit with mean values without outliers
-----------------------------------------------------------------
ch	pt	ENC_l_m	ENC_l_mwo	ENC_3_m	ENC_3_mwo
 0	 0	2.757	2.701	2.415	2.372
 0	 1	2.630	2.596	2.371	2.357
 0	 2	2.740	2.739	2.496	2.494
 0	 3	2.704	2.692	2.495	2.485
 0	 4	2.764	2.751	2.576	2.557
 0	 5	2.832	2.774	2.646	2.586
 0	 6	2.856	2.843	2.680	2.665
 0	 7	2.908	2.862	2.682	2.639
 1	 0	2.982	2.980	2.468	2.467
 1	 1	2.924	2.920	2.538	2.536
 1	 2	2.827	2.770	2.461	2.411
 1	 3	2.860	2.815	2.495	2.455
 1	 4	2.718	2.707	2.445	2.435
 1	 5	2.952	2.952	2.617	2.624
 1	 6	3.038	2.964	2.697	2.633
 1	 7	3.182	3.164	2.824	2.808
 2	 0	3.030	3.003	2.434	2.423
 2	 1	2.860	2.843	2.427	2.416
 2	 2	2.947	2.947	2.475	2.477
 2	 3	2.822	2.786	2.391	2.360
 2	 4	2.913	2.910	2.458	2.444
 2	 5	2.882	2.868	2.432	2.423
 2	 6	2.941	2.926	2.501	2.488
 2	 7	2.976	2.916	2.558	2.506
 3	 0	2.107	2.095	1.768	1.760
 3	 1	2.028	1.972	1.811	1.764
 3	 2	1.966	1.896	1.765	1.701
 3	 3	2.104	2.058	1.872	1.818
 3	 4	2.138	2.073	1.944	1.880
 3	 5	2.343	2.277	2.135	2.079
 3	 6	2.174	2.079	2.002	1.919
 3	 7	2.345	2.229	2.160	2.058
 4	 0	2.915	2.943	2.308	2.313
 4	 1	2.934	2.909	2.484	2.471
 4	 2	2.909	2.895	2.443	2.426
 4	 3	2.853	2.822	2.424	2.396
 4	 4	2.925	2.903	2.505	2.488
 4	 5	3.041	3.031	2.647	2.640
 4	 6	3.082	3.051	2.637	2.609
 4	 7	3.176	3.157	2.786	2.773
 5	 0	3.215	3.176	2.608	2.573
 5	 1	2.956	2.883	2.548	2.490
 5	 2	3.033	2.905	2.596	2.486
 5	 3	2.828	2.735	2.481	2.398
 5	 4	2.759	2.666	2.387	2.308
 5	 5	3.004	2.949	2.597	2.551
 5	 6	2.936	2.842	2.551	2.474
 5	 7	3.063	2.996	2.707	2.648
 6	 0	3.290	3.306	2.688	2.698
 6	 1	3.152	3.144	2.734	2.717
 6	 2	3.304	3.279	2.834	2.820
 6	 3	3.304	3.303	2.813	2.810
 6	 4	3.412	3.413	2.933	2.936
 6	 5	3.455	3.435	3.027	3.001
 6	 6	3.518	3.520	3.042	3.046
 6	 7	3.657	3.657	3.164	3.139
 7	 0	3.104	3.017	2.509	2.425
 7	 1	2.973	2.885	2.519	2.445
 7	 2	3.038	2.981	2.587	2.536
 7	 3	2.862	2.749	2.462	2.361
 7	 4	2.864	2.754	2.447	2.355
 7	 5	3.050	2.939	2.672	2.589
 7	 6	3.237	3.055	2.812	2.664
 7	 7	3.124	3.083	2.750	2.716
 8	 0	3.575	3.348	2.871	2.695
 8	 1	3.397	3.279	2.877	2.789
 8	 2	3.352	3.257	2.814	2.729
 8	 3	3.217	3.168	2.741	2.693
 8	 4	3.383	3.318	2.882	2.822
 8	 5	3.447	3.236	2.981	2.805
 8	 6	3.683	3.675	3.140	3.139
 8	 7	3.994	3.926	3.409	3.363
 9	 0	3.105	3.039	2.565	2.503
 9	 1	3.063	2.858	2.555	2.385
 9	 2	3.005	2.966	2.556	2.537
 9	 3	2.937	2.872	2.539	2.480
 9	 4	3.091	2.986	2.600	2.508
 9	 5	3.321	3.193	2.859	2.750
 9	 6	3.327	3.201	2.863	2.751
 9	 7	3.468	3.432	3.010	2.987
10	 0	3.060	3.035	2.563	2.550
10	 1	2.919	2.889	2.572	2.541
10	 2	3.090	3.065	2.646	2.629
10	 3	3.088	3.004	2.699	2.628
10	 4	3.287	3.242	2.843	2.802
10	 5	3.484	3.468	3.110	3.107
10	 6	3.662	3.638	3.224	3.181
10	 7	3.935	3.835	3.436	3.336
11	 0	3.017	2.977	2.431	2.409
11	 1	2.822	2.770	2.468	2.443
11	 2	2.792	2.774	2.474	2.459
11	 3	2.875	2.843	2.565	2.525
11	 4	2.942	2.918	2.585	2.569
11	 5	2.993	2.976	2.713	2.700
11	 6	3.141	3.142	2.903	2.911
11	 7	3.336	3.352	3.050	3.058
12	 0	3.268	3.219	2.687	2.653
12	 1	2.935	2.873	2.523	2.471
12	 2	2.928	2.838	2.443	2.364
12	 3	2.994	2.804	2.551	2.396
12	 4	3.115	3.065	2.624	2.587
12	 5	3.118	2.977	2.689	2.571
12	 6	3.462	3.371	2.920	2.841
12	 7	3.571	3.450	3.030	2.926
13	 0	2.833	2.785	2.368	2.339
13	 1	2.689	2.632	2.316	2.270
13	 2	2.760	2.637	2.375	2.263
13	 3	2.888	2.851	2.521	2.488
13	 4	3.074	2.928	2.687	2.564
13	 5	3.169	3.052	2.850	2.750
13	 6	3.505	3.443	3.124	3.085
13	 7	3.765	3.678	3.383	3.304
14	 0	3.425	3.427	2.785	2.787
14	 1	3.324	3.325	2.843	2.842
14	 2	3.270	3.272	2.833	2.844
14	 3	3.425	3.399	3.004	2.987
14	 4	3.555	3.523	3.083	3.061
14	 5	3.774	3.733	3.293	3.251
14	 6	4.052	4.049	3.511	3.523
14	 7	4.424	4.380	3.815	3.783
15	 0	3.352	3.299	2.739	2.692
15	 1	3.262	3.252	2.763	2.745
15	 2	3.484	3.442	2.956	2.935
15	 3	3.349	3.346	2.919	2.918
15	 4	3.623	3.633	3.091	3.097
15	 5	3.978	3.925	3.464	3.418
15	 6	4.302	4.305	3.757	3.762
15	 7	4.588	4.557	4.011	4.002
16	 0	3.246	3.159	2.663	2.595
16	 1	2.926	2.883	2.504	2.473
16	 2	2.831	2.728	2.451	2.360
16	 3	2.834	2.814	2.416	2.393
16	 4	2.797	2.728	2.389	2.330
16	 5	2.991	2.872	2.607	2.501
16	 6	3.152	3.083	2.749	2.688
16	 7	3.182	3.171	2.752	2.737
17	 0	3.265	3.248	2.716	2.720
17	 1	3.245	3.194	2.789	2.747
17	 2	3.108	2.982	2.666	2.563
17	 3	3.103	3.050	2.715	2.671
17	 4	2.909	2.826	2.570	2.491
17	 5	3.027	2.955	2.659	2.594
17	 6	3.320	3.243	2.910	2.843
17	 7	3.410	3.346	3.009	2.947
18	 0	3.092	2.998	2.527	2.448
18	 1	3.087	3.091	2.700	2.694
18	 2	3.095	2.963	2.644	2.532
18	 3	2.959	2.927	2.616	2.594
18	 4	3.127	3.092	2.710	2.672
18	 5	2.985	2.887	2.622	2.536
18	 6	3.344	3.302	2.956	2.932
18	 7	3.478	3.436	3.069	3.030
19	 0	3.220	3.227	2.624	2.628
19	 1	3.222	3.210	2.766	2.747
19	 2	3.098	3.092	2.729	2.732
19	 3	3.139	3.133	2.812	2.810
19	 4	3.260	3.258	2.912	2.913
19	 5	3.365	3.350	3.036	3.021
19	 6	3.429	3.427	3.119	3.119
19	 7	3.509	3.513	3.225	3.230
20	 0	2.853	2.780	2.330	2.256
20	 1	2.864	2.832	2.449	2.426
20	 2	2.909	2.829	2.471	2.392
20	 3	2.778	2.695	2.393	2.329
20	 4	2.909	2.802	2.513	2.421
20	 5	3.123	3.012	2.644	2.553
20	 6	3.083	2.993	2.669	2.574
20	 7	3.150	2.949	2.774	2.600
21	 0	3.312	3.297	2.678	2.671
21	 1	3.176	3.141	2.668	2.632
21	 2	3.252	3.227	2.781	2.758
21	 3	3.252	3.238	2.740	2.731
21	 4	3.186	3.137	2.724	2.693
21	 5	3.220	3.161	2.764	2.727
21	 6	3.371	3.300	2.890	2.828
21	 7	3.461	3.427	2.972	2.945
22	 0	3.183	3.161	2.608	2.587
22	 1	3.025	2.994	2.648	2.622
22	 2	3.001	2.979	2.576	2.543
22	 3	3.075	3.020	2.639	2.592
22	 4	2.995	2.938	2.592	2.539
22	 5	3.056	3.011	2.686	2.648
22	 6	3.226	3.139	2.833	2.761
22	 7	3.191	3.094	2.815	2.734
23	 0	3.145	3.135	2.611	2.605
23	 1	3.242	3.198	2.761	2.728
23	 2	3.199	3.170	2.768	2.750
23	 3	3.084	3.080	2.583	2.589
23	 4	3.090	3.080	2.622	2.611
23	 5	3.086	3.090	2.686	2.681
23	 6	3.205	3.188	2.809	2.795
23	 7	3.313	3.300	2.927	2.923
24	 0	3.864	3.721	3.004	2.885
24	 1	3.444	3.327	2.919	2.829
24	 2	3.365	3.322	2.841	2.802
24	 3	3.323	3.242	2.868	2.777
24	 4	3.155	3.110	2.727	2.669
24	 5	3.133	3.116	2.715	2.708
24	 6	3.288	3.222	2.871	2.816
24	 7	3.299	3.264	2.904	2.874
25	 0	3.613	3.551	2.860	2.812
25	 1	3.373	3.376	2.828	2.826
25	 2	3.153	3.153	2.668	2.674
25	 3	3.174	3.118	2.702	2.666
25	 4	3.191	3.171	2.731	2.721
25	 5	3.298	3.265	2.812	2.776
25	 6	3.403	3.350	2.945	2.902
25	 7	3.388	3.302	2.949	2.887
26	 0	2.995	2.882	2.432	2.331
26	 1	2.879	2.841	2.453	2.424
26	 2	2.840	2.730	2.420	2.325
26	 3	2.671	2.519	2.297	2.167
26	 4	2.798	2.684	2.424	2.322
26	 5	2.886	2.796	2.571	2.493
26	 6	2.757	2.633	2.427	2.318
26	 7	2.956	2.812	2.573	2.457
27	 0	3.299	3.248	2.564	2.529
27	 1	2.850	2.787	2.492	2.443
27	 2	2.899	2.744	2.552	2.440
27	 3	3.051	3.000	2.601	2.558
27	 4	2.836	2.770	2.533	2.475
27	 5	3.031	2.960	2.624	2.562
27	 6	2.844	2.714	2.531	2.420
27	 7	3.026	2.864	2.749	2.604
28	 0	2.926	2.869	2.331	2.292
28	 1	2.713	2.658	2.323	2.273
28	 2	2.669	2.590	2.242	2.179
28	 3	2.658	2.585	2.280	2.197
28	 4	2.721	2.709	2.308	2.298
28	 5	2.772	2.745	2.397	2.375
28	 6	3.034	2.990	2.597	2.556
28	 7	3.006	2.983	2.553	2.523
29	 0	3.093	2.952	2.461	2.355
29	 1	2.882	2.743	2.436	2.316
29	 2	2.828	2.633	2.430	2.260
29	 3	2.856	2.672	2.515	2.355
29	 4	2.871	2.787	2.513	2.436
29	 5	2.738	2.528	2.444	2.259
29	 6	2.839	2.707	2.585	2.467
29	 7	2.932	2.837	2.610	2.520
30	 0	2.998	2.867	2.497	2.390
30	 1	2.817	2.710	2.471	2.381
30	 2	2.722	2.608	2.403	2.299
30	 3	2.722	2.638	2.403	2.332
30	 4	2.803	2.669	2.490	2.371
30	 5	2.839	2.701	2.507	2.387
30	 6	2.783	2.571	2.467	2.278
30	 7	3.070	2.954	2.729	2.634
31	 0	3.074	3.047	2.537	2.511
31	 1	3.040	3.032	2.578	2.578
31	 2	2.999	2.976	2.528	2.494
31	 3	3.022	2.995	2.576	2.560
31	 4	3.111	3.114	2.735	2.736
31	 5	3.169	3.169	2.772	2.776
31	 6	3.251	3.244	2.900	2.899
31	 7	3.287	3.295	2.967	2.955
