ch	pt	fine_thr	a_fit	b_fit
 0	 0	 0	219.270	0.319
 0	 0	 1	218.223	0.309
 0	 0	 2	217.316	0.311
 0	 0	 3	216.190	0.343
 0	 0	 4	215.267	0.342
 0	 0	 5	214.182	0.309
 0	 0	 6	213.195	0.340
 0	 0	 7	212.121	0.306
 0	 1	 0	219.288	0.259
 0	 1	 1	218.189	0.228
 0	 1	 2	217.321	0.256
 0	 1	 3	216.219	0.272
 0	 1	 4	215.295	0.287
 0	 1	 5	214.136	0.250
 0	 1	 6	213.260	0.269
 0	 1	 7	212.140	0.313
 0	 2	 0	219.224	0.215
 0	 2	 1	218.274	0.254
 0	 2	 2	217.301	0.243
 0	 2	 3	216.219	0.255
 0	 2	 4	215.329	0.260
 0	 2	 5	214.202	0.260
 0	 2	 6	213.254	0.244
 0	 2	 7	212.157	0.277
 0	 3	 0	219.296	0.231
 0	 3	 1	218.293	0.258
 0	 3	 2	217.276	0.235
 0	 3	 3	216.215	0.232
 0	 3	 4	215.267	0.207
 0	 3	 5	214.205	0.259
 0	 3	 6	213.210	0.217
 0	 3	 7	212.169	0.273
 0	 4	 0	219.337	0.218
 0	 4	 1	218.282	0.202
 0	 4	 2	217.262	0.212
 0	 4	 3	216.186	0.240
 0	 4	 4	215.321	0.220
 0	 4	 5	214.219	0.254
 0	 4	 6	213.239	0.209
 0	 4	 7	212.115	0.245
 0	 5	 0	219.342	0.229
 0	 5	 1	218.307	0.195
 0	 5	 2	217.288	0.204
 0	 5	 3	216.258	0.243
 0	 5	 4	215.289	0.201
 0	 5	 5	214.226	0.225
 0	 5	 6	213.236	0.210
 0	 5	 7	212.209	0.307
 0	 6	 0	219.359	0.224
 0	 6	 1	218.370	0.230
 0	 6	 2	217.361	0.232
 0	 6	 3	216.298	0.256
 0	 6	 4	215.326	0.219
 0	 6	 5	214.265	0.268
 0	 6	 6	213.352	0.258
 0	 6	 7	212.238	0.347
 0	 7	 0	219.384	0.239
 0	 7	 1	218.376	0.264
 0	 7	 2	217.350	0.226
 0	 7	 3	216.371	0.312
 0	 7	 4	215.306	0.197
 0	 7	 5	214.348	0.304
 0	 7	 6	213.373	0.286
 0	 7	 7	212.312	0.331
 1	 0	 0	221.636	0.286
 1	 0	 1	220.543	0.295
 1	 0	 2	219.528	0.272
 1	 0	 3	218.457	0.275
 1	 0	 4	217.573	0.282
 1	 0	 5	216.418	0.283
 1	 0	 6	215.410	0.285
 1	 0	 7	214.231	0.299
 1	 1	 0	221.671	0.260
 1	 1	 1	220.527	0.237
 1	 1	 2	219.537	0.244
 1	 1	 3	218.455	0.242
 1	 1	 4	217.576	0.244
 1	 1	 5	216.378	0.242
 1	 1	 6	215.375	0.259
 1	 1	 7	214.223	0.226
 1	 2	 0	221.709	0.230
 1	 2	 1	220.540	0.243
 1	 2	 2	219.556	0.231
 1	 2	 3	218.329	0.189
 1	 2	 4	217.557	0.239
 1	 2	 5	216.351	0.236
 1	 2	 6	215.339	0.241
 1	 2	 7	214.237	0.222
 1	 3	 0	221.707	0.199
 1	 3	 1	220.516	0.240
 1	 3	 2	219.588	0.234
 1	 3	 3	218.406	0.224
 1	 3	 4	217.516	0.238
 1	 3	 5	216.383	0.240
 1	 3	 6	215.353	0.225
 1	 3	 7	214.266	0.239
 1	 4	 0	221.717	0.202
 1	 4	 1	220.521	0.231
 1	 4	 2	219.560	0.223
 1	 4	 3	218.445	0.210
 1	 4	 4	217.549	0.228
 1	 4	 5	216.437	0.234
 1	 4	 6	215.405	0.231
 1	 4	 7	214.231	0.223
 1	 5	 0	221.715	0.202
 1	 5	 1	220.494	0.230
 1	 5	 2	219.585	0.221
 1	 5	 3	218.472	0.215
 1	 5	 4	217.568	0.214
 1	 5	 5	216.430	0.207
 1	 5	 6	215.396	0.235
 1	 5	 7	214.277	0.236
 1	 6	 0	221.710	0.248
 1	 6	 1	220.520	0.234
 1	 6	 2	219.621	0.217
 1	 6	 3	218.488	0.216
 1	 6	 4	217.563	0.234
 1	 6	 5	216.449	0.229
 1	 6	 6	215.468	0.232
 1	 6	 7	214.254	0.217
 1	 7	 0	221.677	0.255
 1	 7	 1	220.543	0.233
 1	 7	 2	219.595	0.217
 1	 7	 3	218.487	0.213
 1	 7	 4	217.551	0.233
 1	 7	 5	216.391	0.229
 1	 7	 6	215.458	0.221
 1	 7	 7	214.281	0.262
 2	 0	 0	220.808	0.329
 2	 0	 1	219.702	0.331
 2	 0	 2	218.769	0.290
 2	 0	 3	217.609	0.308
 2	 0	 4	216.707	0.337
 2	 0	 5	215.579	0.324
 2	 0	 6	214.653	0.308
 2	 0	 7	213.523	0.310
 2	 1	 0	220.817	0.268
 2	 1	 1	219.680	0.264
 2	 1	 2	218.722	0.272
 2	 1	 3	217.631	0.267
 2	 1	 4	216.694	0.283
 2	 1	 5	215.591	0.288
 2	 1	 6	214.614	0.286
 2	 1	 7	213.500	0.276
 2	 2	 0	220.867	0.239
 2	 2	 1	219.666	0.258
 2	 2	 2	218.753	0.263
 2	 2	 3	217.611	0.243
 2	 2	 4	216.681	0.277
 2	 2	 5	215.585	0.259
 2	 2	 6	214.621	0.275
 2	 2	 7	213.494	0.260
 2	 3	 0	220.835	0.231
 2	 3	 1	219.680	0.237
 2	 3	 2	218.675	0.246
 2	 3	 3	217.642	0.256
 2	 3	 4	216.632	0.276
 2	 3	 5	215.589	0.271
 2	 3	 6	214.674	0.234
 2	 3	 7	213.514	0.250
 2	 4	 0	220.814	0.267
 2	 4	 1	219.640	0.233
 2	 4	 2	218.652	0.246
 2	 4	 3	217.657	0.229
 2	 4	 4	216.688	0.274
 2	 4	 5	215.590	0.245
 2	 4	 6	214.662	0.250
 2	 4	 7	213.492	0.237
 2	 5	 0	220.790	0.275
 2	 5	 1	219.639	0.265
 2	 5	 2	218.660	0.256
 2	 5	 3	217.653	0.254
 2	 5	 4	216.683	0.272
 2	 5	 5	215.586	0.248
 2	 5	 6	214.623	0.263
 2	 5	 7	213.447	0.248
 2	 6	 0	220.826	0.288
 2	 6	 1	219.695	0.262
 2	 6	 2	218.682	0.249
 2	 6	 3	217.581	0.258
 2	 6	 4	216.746	0.219
 2	 6	 5	215.582	0.272
 2	 6	 6	214.612	0.275
 2	 6	 7	213.483	0.259
 2	 7	 0	220.815	0.267
 2	 7	 1	219.692	0.241
 2	 7	 2	218.686	0.250
 2	 7	 3	217.641	0.242
 2	 7	 4	216.664	0.270
 2	 7	 5	215.568	0.282
 2	 7	 6	214.663	0.231
 2	 7	 7	213.509	0.255
 3	 0	 0	220.302	0.340
 3	 0	 1	219.174	0.321
 3	 0	 2	218.243	0.344
 3	 0	 3	217.161	0.334
 3	 0	 4	216.212	0.327
 3	 0	 5	215.109	0.374
 3	 0	 6	214.090	0.349
 3	 0	 7	213.040	0.358
 3	 1	 0	220.278	0.329
 3	 1	 1	219.194	0.293
 3	 1	 2	218.268	0.298
 3	 1	 3	217.150	0.276
 3	 1	 4	216.226	0.282
 3	 1	 5	215.123	0.308
 3	 1	 6	214.152	0.295
 3	 1	 7	213.036	0.330
 3	 2	 0	220.266	0.285
 3	 2	 1	219.142	0.236
 3	 2	 2	218.214	0.255
 3	 2	 3	217.163	0.240
 3	 2	 4	216.244	0.285
 3	 2	 5	215.107	0.313
 3	 2	 6	214.124	0.254
 3	 2	 7	213.039	0.295
 3	 3	 0	220.266	0.285
 3	 3	 1	219.144	0.236
 3	 3	 2	218.202	0.224
 3	 3	 3	217.132	0.248
 3	 3	 4	216.250	0.283
 3	 3	 5	215.103	0.291
 3	 3	 6	214.144	0.312
 3	 3	 7	213.091	0.272
 3	 4	 0	220.255	0.271
 3	 4	 1	219.172	0.271
 3	 4	 2	218.270	0.297
 3	 4	 3	217.183	0.265
 3	 4	 4	216.185	0.240
 3	 4	 5	215.082	0.258
 3	 4	 6	214.147	0.247
 3	 4	 7	213.046	0.279
 3	 5	 0	220.199	0.262
 3	 5	 1	219.166	0.273
 3	 5	 2	218.251	0.262
 3	 5	 3	217.220	0.295
 3	 5	 4	216.207	0.276
 3	 5	 5	215.101	0.291
 3	 5	 6	214.121	0.255
 3	 5	 7	213.058	0.276
 3	 6	 0	220.227	0.269
 3	 6	 1	219.199	0.292
 3	 6	 2	218.217	0.274
 3	 6	 3	217.171	0.269
 3	 6	 4	216.167	0.272
 3	 6	 5	215.084	0.257
 3	 6	 6	214.117	0.256
 3	 6	 7	213.043	0.293
 3	 7	 0	220.296	0.266
 3	 7	 1	219.213	0.274
 3	 7	 2	218.243	0.265
 3	 7	 3	217.183	0.265
 3	 7	 4	216.152	0.250
 3	 7	 5	215.079	0.298
 3	 7	 6	214.145	0.297
 3	 7	 7	213.083	0.270
 4	 0	 0	219.515	0.384
 4	 0	 1	218.308	0.359
 4	 0	 2	217.366	0.345
 4	 0	 3	216.169	0.430
 4	 0	 4	215.197	0.423
 4	 0	 5	214.055	0.407
 4	 0	 6	213.096	0.433
 4	 0	 7	211.913	0.382
 4	 1	 0	219.499	0.321
 4	 1	 1	218.237	0.296
 4	 1	 2	217.298	0.348
 4	 1	 3	216.127	0.347
 4	 1	 4	215.203	0.331
 4	 1	 5	214.017	0.341
 4	 1	 6	213.095	0.350
 4	 1	 7	211.840	0.335
 4	 2	 0	219.483	0.311
 4	 2	 1	218.266	0.330
 4	 2	 2	217.255	0.309
 4	 2	 3	216.136	0.315
 4	 2	 4	215.225	0.328
 4	 2	 5	214.060	0.338
 4	 2	 6	213.068	0.282
 4	 2	 7	211.877	0.356
 4	 3	 0	219.549	0.287
 4	 3	 1	218.273	0.326
 4	 3	 2	217.256	0.315
 4	 3	 3	216.121	0.331
 4	 3	 4	215.208	0.340
 4	 3	 5	214.176	0.300
 4	 3	 6	213.056	0.325
 4	 3	 7	211.969	0.265
 4	 4	 0	219.559	0.336
 4	 4	 1	218.242	0.294
 4	 4	 2	217.251	0.291
 4	 4	 3	216.090	0.341
 4	 4	 4	215.155	0.274
 4	 4	 5	214.039	0.308
 4	 4	 6	213.023	0.283
 4	 4	 7	211.986	0.351
 4	 5	 0	219.511	0.311
 4	 5	 1	218.273	0.290
 4	 5	 2	217.271	0.308
 4	 5	 3	216.135	0.283
 4	 5	 4	215.161	0.316
 4	 5	 5	214.013	0.303
 4	 5	 6	213.001	0.285
 4	 5	 7	211.951	0.262
 4	 6	 0	219.391	0.290
 4	 6	 1	218.236	0.267
 4	 6	 2	217.297	0.297
 4	 6	 3	216.070	0.272
 4	 6	 4	215.234	0.289
 4	 6	 5	214.039	0.275
 4	 6	 6	213.007	0.284
 4	 6	 7	212.027	0.266
 4	 7	 0	219.374	0.292
 4	 7	 1	218.274	0.302
 4	 7	 2	217.250	0.283
 4	 7	 3	216.151	0.320
 4	 7	 4	215.203	0.258
 4	 7	 5	214.091	0.262
 4	 7	 6	213.128	0.259
 4	 7	 7	211.897	0.337
 5	 0	 0	223.067	0.355
 5	 0	 1	221.976	0.377
 5	 0	 2	221.033	0.369
 5	 0	 3	219.855	0.351
 5	 0	 4	218.903	0.339
 5	 0	 5	217.894	0.331
 5	 0	 6	216.886	0.355
 5	 0	 7	215.840	0.377
 5	 1	 0	223.073	0.300
 5	 1	 1	221.944	0.262
 5	 1	 2	221.030	0.310
 5	 1	 3	219.897	0.293
 5	 1	 4	218.896	0.316
 5	 1	 5	217.846	0.344
 5	 1	 6	216.926	0.300
 5	 1	 7	215.795	0.323
 5	 2	 0	223.090	0.262
 5	 2	 1	221.976	0.269
 5	 2	 2	221.003	0.308
 5	 2	 3	219.890	0.263
 5	 2	 4	218.881	0.243
 5	 2	 5	217.859	0.278
 5	 2	 6	216.905	0.294
 5	 2	 7	215.828	0.289
 5	 3	 0	223.103	0.259
 5	 3	 1	221.974	0.269
 5	 3	 2	221.065	0.304
 5	 3	 3	219.900	0.265
 5	 3	 4	218.926	0.254
 5	 3	 5	217.882	0.248
 5	 3	 6	216.917	0.264
 5	 3	 7	215.859	0.282
 5	 4	 0	223.121	0.255
 5	 4	 1	222.012	0.270
 5	 4	 2	221.070	0.255
 5	 4	 3	219.875	0.259
 5	 4	 4	218.948	0.307
 5	 4	 5	217.872	0.246
 5	 4	 6	216.865	0.251
 5	 4	 7	215.830	0.273
 5	 5	 0	223.131	0.283
 5	 5	 1	222.040	0.267
 5	 5	 2	221.052	0.280
 5	 5	 3	219.889	0.290
 5	 5	 4	218.982	0.286
 5	 5	 5	217.838	0.237
 5	 5	 6	216.910	0.262
 5	 5	 7	215.864	0.239
 5	 6	 0	223.135	0.251
 5	 6	 1	222.048	0.265
 5	 6	 2	221.113	0.291
 5	 6	 3	219.895	0.264
 5	 6	 4	218.934	0.277
 5	 6	 5	217.849	0.240
 5	 6	 6	216.972	0.275
 5	 6	 7	215.859	0.238
 5	 7	 0	223.157	0.246
 5	 7	 1	222.084	0.296
 5	 7	 2	221.040	0.282
 5	 7	 3	219.889	0.263
 5	 7	 4	218.967	0.284
 5	 7	 5	217.881	0.248
 5	 7	 6	216.998	0.277
 5	 7	 7	215.906	0.249
 6	 0	 0	231.869	0.424
 6	 0	 1	230.792	0.435
 6	 0	 2	229.716	0.387
 6	 0	 3	228.628	0.400
 6	 0	 4	227.736	0.415
 6	 0	 5	226.600	0.396
 6	 0	 6	225.634	0.426
 6	 0	 7	224.510	0.408
 6	 1	 0	231.878	0.359
 6	 1	 1	230.746	0.367
 6	 1	 2	229.788	0.358
 6	 1	 3	228.581	0.339
 6	 1	 4	227.724	0.369
 6	 1	 5	226.644	0.350
 6	 1	 6	225.602	0.344
 6	 1	 7	224.459	0.374
 6	 2	 0	231.852	0.341
 6	 2	 1	230.785	0.320
 6	 2	 2	229.732	0.320
 6	 2	 3	228.649	0.337
 6	 2	 4	227.699	0.333
 6	 2	 5	226.621	0.322
 6	 2	 6	225.606	0.360
 6	 2	 7	224.499	0.328
 6	 3	 0	231.874	0.257
 6	 3	 1	230.765	0.329
 6	 3	 2	229.728	0.313
 6	 3	 3	228.618	0.307
 6	 3	 4	227.713	0.311
 6	 3	 5	226.606	0.314
 6	 3	 6	225.629	0.303
 6	 3	 7	224.510	0.317
 6	 4	 0	231.883	0.287
 6	 4	 1	230.751	0.333
 6	 4	 2	229.726	0.289
 6	 4	 3	228.647	0.278
 6	 4	 4	227.740	0.323
 6	 4	 5	226.603	0.315
 6	 4	 6	225.647	0.302
 6	 4	 7	224.480	0.327
 6	 5	 0	231.906	0.294
 6	 5	 1	230.753	0.293
 6	 5	 2	229.742	0.302
 6	 5	 3	228.694	0.299
 6	 5	 4	227.704	0.328
 6	 5	 5	226.629	0.321
 6	 5	 6	225.625	0.324
 6	 5	 7	224.471	0.318
 6	 6	 0	231.858	0.312
 6	 6	 1	230.743	0.296
 6	 6	 2	229.742	0.295
 6	 6	 3	228.667	0.300
 6	 6	 4	227.694	0.312
 6	 6	 5	226.613	0.298
 6	 6	 6	225.613	0.295
 6	 6	 7	224.510	0.285
 6	 7	 0	231.882	0.321
 6	 7	 1	230.734	0.285
 6	 7	 2	229.753	0.293
 6	 7	 3	228.698	0.300
 6	 7	 4	227.770	0.299
 6	 7	 5	226.630	0.313
 6	 7	 6	225.608	0.310
 6	 7	 7	224.500	0.313
 7	 0	 0	220.802	0.515
 7	 0	 1	219.684	0.471
 7	 0	 2	218.792	0.440
 7	 0	 3	217.655	0.469
 7	 0	 4	216.693	0.478
 7	 0	 5	215.520	0.475
 7	 0	 6	214.622	0.469
 7	 0	 7	213.341	0.460
 7	 1	 0	220.833	0.432
 7	 1	 1	219.624	0.395
 7	 1	 2	218.737	0.373
 7	 1	 3	217.617	0.382
 7	 1	 4	216.701	0.401
 7	 1	 5	215.505	0.412
 7	 1	 6	214.510	0.407
 7	 1	 7	213.379	0.389
 7	 2	 0	220.793	0.382
 7	 2	 1	219.638	0.369
 7	 2	 2	218.730	0.344
 7	 2	 3	217.612	0.381
 7	 2	 4	216.666	0.378
 7	 2	 5	215.516	0.415
 7	 2	 6	214.520	0.398
 7	 2	 7	213.379	0.380
 7	 3	 0	220.775	0.343
 7	 3	 1	219.621	0.355
 7	 3	 2	218.727	0.339
 7	 3	 3	217.597	0.346
 7	 3	 4	216.648	0.368
 7	 3	 5	215.448	0.370
 7	 3	 6	214.569	0.372
 7	 3	 7	213.350	0.343
 7	 4	 0	220.860	0.363
 7	 4	 1	219.636	0.351
 7	 4	 2	218.781	0.346
 7	 4	 3	217.579	0.346
 7	 4	 4	216.663	0.361
 7	 4	 5	215.542	0.365
 7	 4	 6	214.561	0.341
 7	 4	 7	213.349	0.338
 7	 5	 0	220.776	0.322
 7	 5	 1	219.638	0.347
 7	 5	 2	218.719	0.327
 7	 5	 3	217.631	0.328
 7	 5	 4	216.625	0.340
 7	 5	 5	215.545	0.339
 7	 5	 6	214.475	0.327
 7	 5	 7	213.375	0.330
 7	 6	 0	220.822	0.353
 7	 6	 1	219.654	0.325
 7	 6	 2	218.729	0.308
 7	 6	 3	217.592	0.324
 7	 6	 4	216.623	0.331
 7	 6	 5	215.530	0.328
 7	 6	 6	214.525	0.319
 7	 6	 7	213.368	0.298
 7	 7	 0	220.738	0.332
 7	 7	 1	219.665	0.324
 7	 7	 2	218.715	0.333
 7	 7	 3	217.661	0.325
 7	 7	 4	216.668	0.355
 7	 7	 5	215.503	0.334
 7	 7	 6	214.504	0.314
 7	 7	 7	213.381	0.319
 8	 0	 0	224.004	0.492
 8	 0	 1	222.919	0.507
 8	 0	 2	221.882	0.499
 8	 0	 3	220.813	0.498
 8	 0	 4	219.770	0.458
 8	 0	 5	218.754	0.465
 8	 0	 6	217.793	0.427
 8	 0	 7	216.689	0.439
 8	 1	 0	223.988	0.415
 8	 1	 1	222.926	0.441
 8	 1	 2	221.876	0.459
 8	 1	 3	220.808	0.382
 8	 1	 4	219.788	0.385
 8	 1	 5	218.713	0.394
 8	 1	 6	217.743	0.383
 8	 1	 7	216.725	0.397
 8	 2	 0	224.024	0.410
 8	 2	 1	222.870	0.375
 8	 2	 2	221.923	0.366
 8	 2	 3	220.809	0.413
 8	 2	 4	219.783	0.400
 8	 2	 5	218.718	0.396
 8	 2	 6	217.761	0.367
 8	 2	 7	216.678	0.366
 8	 3	 0	223.944	0.407
 8	 3	 1	222.917	0.378
 8	 3	 2	221.944	0.423
 8	 3	 3	220.741	0.412
 8	 3	 4	219.798	0.364
 8	 3	 5	218.706	0.379
 8	 3	 6	217.763	0.382
 8	 3	 7	216.672	0.384
 8	 4	 0	223.987	0.387
 8	 4	 1	222.859	0.397
 8	 4	 2	221.913	0.359
 8	 4	 3	220.782	0.385
 8	 4	 4	219.794	0.371
 8	 4	 5	218.725	0.376
 8	 4	 6	217.792	0.365
 8	 4	 7	216.706	0.406
 8	 5	 0	224.046	0.411
 8	 5	 1	222.887	0.394
 8	 5	 2	221.908	0.389
 8	 5	 3	220.787	0.418
 8	 5	 4	219.775	0.381
 8	 5	 5	218.727	0.381
 8	 5	 6	217.769	0.396
 8	 5	 7	216.673	0.411
 8	 6	 0	223.957	0.385
 8	 6	 1	222.863	0.417
 8	 6	 2	221.895	0.420
 8	 6	 3	220.820	0.423
 8	 6	 4	219.825	0.397
 8	 6	 5	218.704	0.394
 8	 6	 6	217.819	0.395
 8	 6	 7	216.659	0.405
 8	 7	 0	223.965	0.443
 8	 7	 1	222.926	0.452
 8	 7	 2	221.900	0.450
 8	 7	 3	220.777	0.426
 8	 7	 4	219.807	0.398
 8	 7	 5	218.717	0.446
 8	 7	 6	217.793	0.411
 8	 7	 7	216.697	0.429
 9	 0	 0	221.347	0.402
 9	 0	 1	220.191	0.440
 9	 0	 2	219.227	0.414
 9	 0	 3	218.109	0.424
 9	 0	 4	217.137	0.446
 9	 0	 5	215.960	0.418
 9	 0	 6	214.936	0.449
 9	 0	 7	213.768	0.434
 9	 1	 0	221.334	0.385
 9	 1	 1	220.183	0.376
 9	 1	 2	219.241	0.373
 9	 1	 3	218.121	0.387
 9	 1	 4	217.065	0.385
 9	 1	 5	215.988	0.384
 9	 1	 6	214.936	0.402
 9	 1	 7	213.786	0.362
 9	 2	 0	221.308	0.353
 9	 2	 1	220.205	0.347
 9	 2	 2	219.227	0.347
 9	 2	 3	218.101	0.327
 9	 2	 4	217.089	0.319
 9	 2	 5	215.975	0.358
 9	 2	 6	214.900	0.380
 9	 2	 7	213.724	0.356
 9	 3	 0	221.320	0.356
 9	 3	 1	220.170	0.357
 9	 3	 2	219.236	0.343
 9	 3	 3	218.064	0.324
 9	 3	 4	217.132	0.355
 9	 3	 5	215.952	0.355
 9	 3	 6	214.950	0.368
 9	 3	 7	213.790	0.314
 9	 4	 0	221.347	0.342
 9	 4	 1	220.187	0.355
 9	 4	 2	219.181	0.333
 9	 4	 3	218.122	0.322
 9	 4	 4	217.071	0.329
 9	 4	 5	215.988	0.347
 9	 4	 6	214.925	0.338
 9	 4	 7	213.752	0.355
 9	 5	 0	221.360	0.361
 9	 5	 1	220.179	0.369
 9	 5	 2	219.208	0.365
 9	 5	 3	218.046	0.380
 9	 5	 4	217.121	0.376
 9	 5	 5	215.971	0.366
 9	 5	 6	214.959	0.377
 9	 5	 7	213.765	0.348
 9	 6	 0	221.341	0.391
 9	 6	 1	220.155	0.423
 9	 6	 2	219.205	0.402
 9	 6	 3	218.124	0.370
 9	 6	 4	217.137	0.396
 9	 6	 5	215.968	0.398
 9	 6	 6	214.967	0.398
 9	 6	 7	213.829	0.362
 9	 7	 0	221.394	0.417
 9	 7	 1	220.200	0.394
 9	 7	 2	219.204	0.419
 9	 7	 3	218.095	0.409
 9	 7	 4	217.177	0.422
 9	 7	 5	215.939	0.418
 9	 7	 6	214.974	0.400
 9	 7	 7	213.796	0.348
10	 0	 0	216.654	0.371
10	 0	 1	215.512	0.368
10	 0	 2	214.572	0.370
10	 0	 3	213.464	0.351
10	 0	 4	212.524	0.362
10	 0	 5	211.448	0.389
10	 0	 6	210.363	0.378
10	 0	 7	209.229	0.383
10	 1	 0	216.652	0.338
10	 1	 1	215.541	0.323
10	 1	 2	214.547	0.330
10	 1	 3	213.444	0.289
10	 1	 4	212.531	0.324
10	 1	 5	211.402	0.344
10	 1	 6	210.395	0.332
10	 1	 7	209.284	0.338
10	 2	 0	216.653	0.301
10	 2	 1	215.562	0.289
10	 2	 2	214.552	0.311
10	 2	 3	213.445	0.297
10	 2	 4	212.537	0.320
10	 2	 5	211.368	0.314
10	 2	 6	210.409	0.317
10	 2	 7	209.271	0.344
10	 3	 0	216.708	0.326
10	 3	 1	215.529	0.319
10	 3	 2	214.564	0.328
10	 3	 3	213.408	0.305
10	 3	 4	212.544	0.321
10	 3	 5	211.461	0.308
10	 3	 6	210.382	0.336
10	 3	 7	209.258	0.314
10	 4	 0	216.681	0.328
10	 4	 1	215.538	0.335
10	 4	 2	214.529	0.348
10	 4	 3	213.487	0.340
10	 4	 4	212.555	0.347
10	 4	 5	211.406	0.328
10	 4	 6	210.354	0.351
10	 4	 7	209.300	0.357
10	 5	 0	216.693	0.341
10	 5	 1	215.550	0.352
10	 5	 2	214.559	0.334
10	 5	 3	213.492	0.332
10	 5	 4	212.580	0.325
10	 5	 5	211.411	0.371
10	 5	 6	210.408	0.349
10	 5	 7	209.224	0.334
10	 6	 0	216.695	0.378
10	 6	 1	215.601	0.372
10	 6	 2	214.612	0.400
10	 6	 3	213.492	0.353
10	 6	 4	212.586	0.358
10	 6	 5	211.434	0.360
10	 6	 6	210.428	0.376
10	 6	 7	209.263	0.379
10	 7	 0	216.692	0.401
10	 7	 1	215.639	0.384
10	 7	 2	214.598	0.418
10	 7	 3	213.474	0.378
10	 7	 4	212.617	0.386
10	 7	 5	211.471	0.411
10	 7	 6	210.434	0.393
10	 7	 7	209.289	0.381
11	 0	 0	230.001	0.393
11	 0	 1	228.892	0.326
11	 0	 2	227.856	0.364
11	 0	 3	226.678	0.361
11	 0	 4	225.740	0.360
11	 0	 5	224.502	0.363
11	 0	 6	223.580	0.335
11	 0	 7	222.407	0.365
11	 1	 0	229.963	0.327
11	 1	 1	228.865	0.303
11	 1	 2	227.804	0.346
11	 1	 3	226.688	0.313
11	 1	 4	225.677	0.316
11	 1	 5	224.541	0.333
11	 1	 6	223.477	0.316
11	 1	 7	222.377	0.318
11	 2	 0	229.940	0.310
11	 2	 1	228.889	0.311
11	 2	 2	227.832	0.290
11	 2	 3	226.711	0.336
11	 2	 4	225.648	0.312
11	 2	 5	224.566	0.344
11	 2	 6	223.575	0.317
11	 2	 7	222.407	0.308
11	 3	 0	229.985	0.275
11	 3	 1	228.807	0.328
11	 3	 2	227.830	0.344
11	 3	 3	226.686	0.331
11	 3	 4	225.681	0.288
11	 3	 5	224.524	0.303
11	 3	 6	223.519	0.304
11	 3	 7	222.457	0.316
11	 4	 0	229.938	0.303
11	 4	 1	228.872	0.329
11	 4	 2	227.847	0.345
11	 4	 3	226.690	0.346
11	 4	 4	225.726	0.326
11	 4	 5	224.534	0.332
11	 4	 6	223.552	0.323
11	 4	 7	222.396	0.321
11	 5	 0	229.987	0.370
11	 5	 1	228.873	0.340
11	 5	 2	227.860	0.300
11	 5	 3	226.749	0.357
11	 5	 4	225.710	0.339
11	 5	 5	224.525	0.351
11	 5	 6	223.579	0.324
11	 5	 7	222.377	0.356
11	 6	 0	230.024	0.368
11	 6	 1	228.887	0.355
11	 6	 2	227.860	0.342
11	 6	 3	226.712	0.357
11	 6	 4	225.727	0.364
11	 6	 5	224.581	0.390
11	 6	 6	223.548	0.360
11	 6	 7	222.408	0.368
11	 7	 0	229.957	0.370
11	 7	 1	228.862	0.388
11	 7	 2	227.836	0.376
11	 7	 3	226.743	0.421
11	 7	 4	225.706	0.406
11	 7	 5	224.581	0.383
11	 7	 6	223.605	0.366
11	 7	 7	222.481	0.391
12	 0	 0	226.744	0.347
12	 0	 1	225.636	0.336
12	 0	 2	224.611	0.330
12	 0	 3	223.500	0.299
12	 0	 4	222.468	0.322
12	 0	 5	221.377	0.323
12	 0	 6	220.374	0.330
12	 0	 7	219.378	0.312
12	 1	 0	226.736	0.300
12	 1	 1	225.627	0.299
12	 1	 2	224.613	0.298
12	 1	 3	223.512	0.286
12	 1	 4	222.509	0.300
12	 1	 5	221.375	0.291
12	 1	 6	220.397	0.307
12	 1	 7	219.316	0.284
12	 2	 0	226.759	0.295
12	 2	 1	225.537	0.315
12	 2	 2	224.577	0.318
12	 2	 3	223.540	0.308
12	 2	 4	222.511	0.297
12	 2	 5	221.389	0.288
12	 2	 6	220.367	0.280
12	 2	 7	219.297	0.302
12	 3	 0	226.708	0.304
12	 3	 1	225.598	0.315
12	 3	 2	224.595	0.301
12	 3	 3	223.462	0.284
12	 3	 4	222.503	0.308
12	 3	 5	221.329	0.288
12	 3	 6	220.364	0.307
12	 3	 7	219.326	0.280
12	 4	 0	226.734	0.330
12	 4	 1	225.613	0.307
12	 4	 2	224.597	0.317
12	 4	 3	223.473	0.330
12	 4	 4	222.475	0.306
12	 4	 5	221.351	0.319
12	 4	 6	220.393	0.330
12	 4	 7	219.311	0.296
12	 5	 0	226.733	0.334
12	 5	 1	225.614	0.348
12	 5	 2	224.558	0.349
12	 5	 3	223.461	0.361
12	 5	 4	222.458	0.328
12	 5	 5	221.376	0.372
12	 5	 6	220.411	0.350
12	 5	 7	219.349	0.341
12	 6	 0	226.756	0.348
12	 6	 1	225.634	0.388
12	 6	 2	224.633	0.362
12	 6	 3	223.474	0.358
12	 6	 4	222.510	0.381
12	 6	 5	221.392	0.367
12	 6	 6	220.399	0.380
12	 6	 7	219.348	0.377
12	 7	 0	226.757	0.390
12	 7	 1	225.677	0.404
12	 7	 2	224.646	0.393
12	 7	 3	223.511	0.380
12	 7	 4	222.511	0.392
12	 7	 5	221.434	0.403
12	 7	 6	220.452	0.383
12	 7	 7	219.393	0.384
13	 0	 0	217.835	0.316
13	 0	 1	216.773	0.327
13	 0	 2	215.747	0.331
13	 0	 3	214.653	0.350
13	 0	 4	213.672	0.314
13	 0	 5	212.610	0.336
13	 0	 6	211.627	0.344
13	 0	 7	210.504	0.345
13	 1	 0	217.871	0.304
13	 1	 1	216.782	0.303
13	 1	 2	215.838	0.305
13	 1	 3	214.702	0.307
13	 1	 4	213.688	0.291
13	 1	 5	212.584	0.313
13	 1	 6	211.582	0.330
13	 1	 7	210.487	0.332
13	 2	 0	217.858	0.300
13	 2	 1	216.803	0.303
13	 2	 2	215.827	0.288
13	 2	 3	214.682	0.318
13	 2	 4	213.725	0.273
13	 2	 5	212.635	0.324
13	 2	 6	211.582	0.314
13	 2	 7	210.501	0.307
13	 3	 0	217.899	0.314
13	 3	 1	216.765	0.329
13	 3	 2	215.823	0.359
13	 3	 3	214.673	0.318
13	 3	 4	213.734	0.320
13	 3	 5	212.608	0.359
13	 3	 6	211.619	0.327
13	 3	 7	210.517	0.352
13	 4	 0	217.863	0.351
13	 4	 1	216.825	0.349
13	 4	 2	215.781	0.355
13	 4	 3	214.652	0.370
13	 4	 4	213.740	0.323
13	 4	 5	212.493	0.346
13	 4	 6	211.632	0.375
13	 4	 7	210.464	0.359
13	 5	 0	217.902	0.396
13	 5	 1	216.784	0.400
13	 5	 2	215.833	0.399
13	 5	 3	214.640	0.373
13	 5	 4	213.684	0.372
13	 5	 5	212.600	0.375
13	 5	 6	211.649	0.368
13	 5	 7	210.522	0.371
13	 6	 0	217.877	0.406
13	 6	 1	216.844	0.418
13	 6	 2	215.778	0.398
13	 6	 3	214.683	0.420
13	 6	 4	213.715	0.406
13	 6	 5	212.619	0.402
13	 6	 6	211.660	0.397
13	 6	 7	210.510	0.408
13	 7	 0	217.914	0.408
13	 7	 1	216.895	0.450
13	 7	 2	215.869	0.461
13	 7	 3	214.701	0.443
13	 7	 4	213.748	0.444
13	 7	 5	212.560	0.418
13	 7	 6	211.696	0.448
13	 7	 7	210.534	0.478
14	 0	 0	222.360	0.335
14	 0	 1	221.183	0.351
14	 0	 2	220.187	0.307
14	 0	 3	219.057	0.339
14	 0	 4	218.140	0.313
14	 0	 5	217.095	0.330
14	 0	 6	216.063	0.352
14	 0	 7	214.929	0.323
14	 1	 0	222.305	0.308
14	 1	 1	221.238	0.296
14	 1	 2	220.159	0.335
14	 1	 3	219.045	0.281
14	 1	 4	218.146	0.277
14	 1	 5	217.079	0.337
14	 1	 6	216.060	0.305
14	 1	 7	214.967	0.329
14	 2	 0	222.305	0.317
14	 2	 1	221.183	0.308
14	 2	 2	220.145	0.298
14	 2	 3	219.024	0.311
14	 2	 4	218.196	0.293
14	 2	 5	217.071	0.325
14	 2	 6	216.007	0.347
14	 2	 7	214.896	0.258
14	 3	 0	222.269	0.337
14	 3	 1	221.161	0.371
14	 3	 2	220.203	0.317
14	 3	 3	219.046	0.327
14	 3	 4	218.126	0.339
14	 3	 5	217.067	0.308
14	 3	 6	215.989	0.356
14	 3	 7	214.930	0.327
14	 4	 0	222.304	0.364
14	 4	 1	221.202	0.368
14	 4	 2	220.125	0.364
14	 4	 3	219.054	0.379
14	 4	 4	218.100	0.352
14	 4	 5	217.029	0.369
14	 4	 6	216.076	0.354
14	 4	 7	214.937	0.349
14	 5	 0	222.309	0.428
14	 5	 1	221.239	0.426
14	 5	 2	220.171	0.386
14	 5	 3	218.979	0.417
14	 5	 4	218.154	0.397
14	 5	 5	216.987	0.406
14	 5	 6	216.024	0.410
14	 5	 7	214.897	0.393
14	 6	 0	222.283	0.446
14	 6	 1	221.240	0.460
14	 6	 2	220.090	0.478
14	 6	 3	219.004	0.437
14	 6	 4	218.153	0.406
14	 6	 5	217.094	0.408
14	 6	 6	215.959	0.405
14	 6	 7	214.937	0.422
14	 7	 0	222.295	0.492
14	 7	 1	221.216	0.465
14	 7	 2	220.151	0.484
14	 7	 3	219.060	0.452
14	 7	 4	218.179	0.439
14	 7	 5	217.031	0.477
14	 7	 6	216.088	0.461
14	 7	 7	214.887	0.475
15	 0	 0	228.130	0.304
15	 0	 1	226.967	0.328
15	 0	 2	225.989	0.324
15	 0	 3	224.830	0.303
15	 0	 4	223.949	0.369
15	 0	 5	222.770	0.307
15	 0	 6	221.802	0.312
15	 0	 7	220.670	0.301
15	 1	 0	228.115	0.309
15	 1	 1	226.952	0.292
15	 1	 2	225.986	0.280
15	 1	 3	224.844	0.318
15	 1	 4	223.919	0.299
15	 1	 5	222.767	0.306
15	 1	 6	221.798	0.310
15	 1	 7	220.608	0.302
15	 2	 0	228.125	0.284
15	 2	 1	226.953	0.369
15	 2	 2	226.021	0.309
15	 2	 3	224.863	0.303
15	 2	 4	223.954	0.308
15	 2	 5	222.753	0.300
15	 2	 6	221.741	0.308
15	 2	 7	220.626	0.288
15	 3	 0	228.157	0.356
15	 3	 1	226.952	0.344
15	 3	 2	225.984	0.302
15	 3	 3	224.862	0.302
15	 3	 4	223.943	0.276
15	 3	 5	222.799	0.338
15	 3	 6	221.716	0.349
15	 3	 7	220.662	0.326
15	 4	 0	228.162	0.348
15	 4	 1	226.961	0.357
15	 4	 2	225.969	0.328
15	 4	 3	224.868	0.360
15	 4	 4	223.971	0.310
15	 4	 5	222.780	0.345
15	 4	 6	221.755	0.324
15	 4	 7	220.677	0.339
15	 5	 0	228.170	0.373
15	 5	 1	227.063	0.394
15	 5	 2	225.989	0.393
15	 5	 3	224.905	0.398
15	 5	 4	223.925	0.379
15	 5	 5	222.816	0.416
15	 5	 6	221.804	0.396
15	 5	 7	220.687	0.374
15	 6	 0	228.218	0.444
15	 6	 1	227.047	0.431
15	 6	 2	226.051	0.434
15	 6	 3	224.903	0.435
15	 6	 4	223.908	0.431
15	 6	 5	222.825	0.421
15	 6	 6	221.821	0.397
15	 6	 7	220.763	0.413
15	 7	 0	228.195	0.473
15	 7	 1	227.090	0.470
15	 7	 2	226.039	0.456
15	 7	 3	224.890	0.443
15	 7	 4	223.984	0.458
15	 7	 5	222.819	0.454
15	 7	 6	221.864	0.467
15	 7	 7	220.761	0.460
16	 0	 0	220.353	0.360
16	 0	 1	219.274	0.334
16	 0	 2	218.405	0.342
16	 0	 3	217.372	0.321
16	 0	 4	216.424	0.356
16	 0	 5	215.379	0.355
16	 0	 6	214.458	0.335
16	 0	 7	213.369	0.338
16	 1	 0	220.367	0.337
16	 1	 1	219.309	0.302
16	 1	 2	218.399	0.299
16	 1	 3	217.390	0.294
16	 1	 4	216.438	0.306
16	 1	 5	215.372	0.318
16	 1	 6	214.384	0.312
16	 1	 7	213.330	0.293
16	 2	 0	220.350	0.299
16	 2	 1	219.306	0.298
16	 2	 2	218.420	0.293
16	 2	 3	217.339	0.301
16	 2	 4	216.417	0.312
16	 2	 5	215.364	0.310
16	 2	 6	214.417	0.315
16	 2	 7	213.342	0.310
16	 3	 0	220.353	0.327
16	 3	 1	219.303	0.309
16	 3	 2	218.400	0.301
16	 3	 3	217.338	0.309
16	 3	 4	216.453	0.299
16	 3	 5	215.341	0.300
16	 3	 6	214.457	0.324
16	 3	 7	213.380	0.316
16	 4	 0	220.354	0.318
16	 4	 1	219.304	0.321
16	 4	 2	218.405	0.293
16	 4	 3	217.369	0.307
16	 4	 4	216.405	0.301
16	 4	 5	215.350	0.313
16	 4	 6	214.423	0.318
16	 4	 7	213.361	0.308
16	 5	 0	220.368	0.328
16	 5	 1	219.297	0.316
16	 5	 2	218.394	0.304
16	 5	 3	217.365	0.318
16	 5	 4	216.452	0.331
16	 5	 5	215.376	0.324
16	 5	 6	214.435	0.325
16	 5	 7	213.418	0.323
16	 6	 0	220.370	0.335
16	 6	 1	219.289	0.324
16	 6	 2	218.391	0.324
16	 6	 3	217.345	0.316
16	 6	 4	216.412	0.340
16	 6	 5	215.394	0.366
16	 6	 6	214.417	0.335
16	 6	 7	213.384	0.312
16	 7	 0	220.366	0.345
16	 7	 1	219.296	0.362
16	 7	 2	218.371	0.339
16	 7	 3	217.356	0.345
16	 7	 4	216.417	0.340
16	 7	 5	215.375	0.362
16	 7	 6	214.419	0.349
16	 7	 7	213.380	0.345
17	 0	 0	214.594	0.353
17	 0	 1	213.612	0.318
17	 0	 2	212.702	0.385
17	 0	 3	211.590	0.352
17	 0	 4	210.652	0.341
17	 0	 5	209.592	0.360
17	 0	 6	208.604	0.395
17	 0	 7	207.578	0.330
17	 1	 0	214.649	0.325
17	 1	 1	213.604	0.352
17	 1	 2	212.720	0.367
17	 1	 3	211.640	0.340
17	 1	 4	210.679	0.352
17	 1	 5	209.522	0.343
17	 1	 6	208.576	0.350
17	 1	 7	207.587	0.302
17	 2	 0	214.644	0.300
17	 2	 1	213.643	0.319
17	 2	 2	212.683	0.307
17	 2	 3	211.608	0.342
17	 2	 4	210.695	0.332
17	 2	 5	209.593	0.352
17	 2	 6	208.549	0.318
17	 2	 7	207.585	0.321
17	 3	 0	214.638	0.331
17	 3	 1	213.670	0.320
17	 3	 2	212.650	0.356
17	 3	 3	211.533	0.335
17	 3	 4	210.669	0.341
17	 3	 5	209.640	0.348
17	 3	 6	208.540	0.315
17	 3	 7	207.525	0.328
17	 4	 0	214.611	0.303
17	 4	 1	213.650	0.292
17	 4	 2	212.684	0.330
17	 4	 3	211.629	0.371
17	 4	 4	210.689	0.332
17	 4	 5	209.601	0.350
17	 4	 6	208.623	0.300
17	 4	 7	207.541	0.297
17	 5	 0	214.661	0.328
17	 5	 1	213.674	0.335
17	 5	 2	212.569	0.340
17	 5	 3	211.566	0.325
17	 5	 4	210.629	0.345
17	 5	 5	209.622	0.350
17	 5	 6	208.638	0.360
17	 5	 7	207.571	0.335
17	 6	 0	214.622	0.355
17	 6	 1	213.667	0.334
17	 6	 2	212.699	0.366
17	 6	 3	211.590	0.378
17	 6	 4	210.711	0.360
17	 6	 5	209.641	0.359
17	 6	 6	208.594	0.335
17	 6	 7	207.558	0.331
17	 7	 0	214.675	0.403
17	 7	 1	213.661	0.340
17	 7	 2	212.681	0.376
17	 7	 3	211.589	0.377
17	 7	 4	210.686	0.356
17	 7	 5	209.608	0.380
17	 7	 6	208.583	0.356
17	 7	 7	207.629	0.382
18	 0	 0	221.358	0.376
18	 0	 1	220.212	0.359
18	 0	 2	219.177	0.342
18	 0	 3	218.229	0.326
18	 0	 4	217.288	0.350
18	 0	 5	216.200	0.354
18	 0	 6	215.213	0.367
18	 0	 7	214.093	0.370
18	 1	 0	221.308	0.315
18	 1	 1	220.222	0.335
18	 1	 2	219.242	0.294
18	 1	 3	218.226	0.327
18	 1	 4	217.295	0.312
18	 1	 5	216.199	0.339
18	 1	 6	215.178	0.310
18	 1	 7	214.076	0.371
18	 2	 0	221.351	0.306
18	 2	 1	220.275	0.312
18	 2	 2	219.230	0.320
18	 2	 3	218.133	0.317
18	 2	 4	217.288	0.332
18	 2	 5	216.208	0.329
18	 2	 6	215.181	0.326
18	 2	 7	214.137	0.335
18	 3	 0	221.299	0.302
18	 3	 1	220.281	0.314
18	 3	 2	219.191	0.336
18	 3	 3	218.161	0.293
18	 3	 4	217.303	0.300
18	 3	 5	216.230	0.313
18	 3	 6	215.196	0.334
18	 3	 7	214.124	0.306
18	 4	 0	221.364	0.297
18	 4	 1	220.230	0.331
18	 4	 2	219.169	0.313
18	 4	 3	218.181	0.326
18	 4	 4	217.227	0.300
18	 4	 5	216.268	0.324
18	 4	 6	215.159	0.342
18	 4	 7	214.070	0.276
18	 5	 0	221.331	0.335
18	 5	 1	220.265	0.321
18	 5	 2	219.231	0.319
18	 5	 3	218.155	0.308
18	 5	 4	217.316	0.336
18	 5	 5	216.237	0.328
18	 5	 6	215.145	0.323
18	 5	 7	214.061	0.333
18	 6	 0	221.336	0.350
18	 6	 1	220.235	0.352
18	 6	 2	219.223	0.339
18	 6	 3	218.141	0.279
18	 6	 4	217.283	0.326
18	 6	 5	216.239	0.342
18	 6	 6	215.180	0.368
18	 6	 7	214.077	0.337
18	 7	 0	221.334	0.334
18	 7	 1	220.228	0.376
18	 7	 2	219.248	0.318
18	 7	 3	218.154	0.296
18	 7	 4	217.296	0.350
18	 7	 5	216.227	0.352
18	 7	 6	215.164	0.325
18	 7	 7	214.081	0.357
19	 0	 0	230.567	0.324
19	 0	 1	229.509	0.343
19	 0	 2	228.535	0.331
19	 0	 3	227.464	0.316
19	 0	 4	226.523	0.354
19	 0	 5	225.581	0.321
19	 0	 6	224.395	0.343
19	 0	 7	223.332	0.335
19	 1	 0	230.596	0.309
19	 1	 1	229.512	0.298
19	 1	 2	228.520	0.329
19	 1	 3	227.480	0.305
19	 1	 4	226.709	0.319
19	 1	 5	225.552	0.328
19	 1	 6	224.642	0.313
19	 1	 7	223.508	0.313
19	 2	 0	230.555	0.302
19	 2	 1	229.503	0.306
19	 2	 2	228.538	0.335
19	 2	 3	227.499	0.333
19	 2	 4	226.677	0.326
19	 2	 5	225.406	0.298
19	 2	 6	224.596	0.314
19	 2	 7	223.470	0.286
19	 3	 0	230.720	0.314
19	 3	 1	229.672	0.289
19	 3	 2	228.562	0.315
19	 3	 3	227.629	0.324
19	 3	 4	226.499	0.328
19	 3	 5	225.395	0.314
19	 3	 6	224.381	0.321
19	 3	 7	223.503	0.311
19	 4	 0	230.568	0.313
19	 4	 1	229.496	0.312
19	 4	 2	228.577	0.292
19	 4	 3	227.625	0.310
19	 4	 4	226.678	0.316
19	 4	 5	225.405	0.298
19	 4	 6	224.405	0.331
19	 4	 7	223.501	0.301
19	 5	 0	230.580	0.342
19	 5	 1	229.489	0.320
19	 5	 2	228.551	0.317
19	 5	 3	227.647	0.308
19	 5	 4	226.653	0.318
19	 5	 5	225.388	0.304
19	 5	 6	224.443	0.331
19	 5	 7	223.326	0.274
19	 6	 0	230.783	0.352
19	 6	 1	229.515	0.326
19	 6	 2	228.586	0.350
19	 6	 3	227.626	0.322
19	 6	 4	226.717	0.326
19	 6	 5	225.376	0.321
19	 6	 6	224.404	0.327
19	 6	 7	223.325	0.325
19	 7	 0	230.565	0.353
19	 7	 1	229.468	0.325
19	 7	 2	228.748	0.345
19	 7	 3	227.626	0.371
19	 7	 4	226.711	0.328
19	 7	 5	225.418	0.321
19	 7	 6	224.386	0.319
19	 7	 7	223.503	0.327
20	 0	 0	223.255	0.320
20	 0	 1	222.176	0.328
20	 0	 2	221.252	0.327
20	 0	 3	220.119	0.308
20	 0	 4	219.319	0.318
20	 0	 5	218.231	0.306
20	 0	 6	217.356	0.307
20	 0	 7	216.273	0.313
20	 1	 0	223.232	0.267
20	 1	 1	222.166	0.315
20	 1	 2	221.229	0.291
20	 1	 3	220.105	0.311
20	 1	 4	219.313	0.300
20	 1	 5	218.319	0.288
20	 1	 6	217.427	0.292
20	 1	 7	216.261	0.336
20	 2	 0	223.289	0.315
20	 2	 1	222.142	0.334
20	 2	 2	221.241	0.315
20	 2	 3	220.088	0.297
20	 2	 4	219.298	0.291
20	 2	 5	218.191	0.295
20	 2	 6	217.389	0.291
20	 2	 7	216.280	0.287
20	 3	 0	223.289	0.283
20	 3	 1	222.110	0.251
20	 3	 2	221.218	0.285
20	 3	 3	220.085	0.269
20	 3	 4	219.295	0.274
20	 3	 5	218.231	0.299
20	 3	 6	217.370	0.287
20	 3	 7	216.199	0.279
20	 4	 0	223.284	0.278
20	 4	 1	222.135	0.302
20	 4	 2	221.240	0.295
20	 4	 3	220.120	0.306
20	 4	 4	219.312	0.301
20	 4	 5	218.181	0.266
20	 4	 6	217.342	0.307
20	 4	 7	216.258	0.314
20	 5	 0	223.265	0.285
20	 5	 1	222.141	0.333
20	 5	 2	221.272	0.313
20	 5	 3	220.162	0.305
20	 5	 4	219.306	0.288
20	 5	 5	218.202	0.301
20	 5	 6	217.320	0.292
20	 5	 7	216.286	0.290
20	 6	 0	223.300	0.314
20	 6	 1	222.172	0.269
20	 6	 2	221.230	0.306
20	 6	 3	220.155	0.319
20	 6	 4	219.305	0.294
20	 6	 5	218.209	0.257
20	 6	 6	217.350	0.288
20	 6	 7	216.311	0.309
20	 7	 0	223.293	0.318
20	 7	 1	222.165	0.292
20	 7	 2	221.249	0.305
20	 7	 3	220.177	0.327
20	 7	 4	219.325	0.322
20	 7	 5	218.261	0.328
20	 7	 6	217.392	0.326
20	 7	 7	216.275	0.307
21	 0	 0	218.678	0.349
21	 0	 1	217.725	0.376
21	 0	 2	216.714	0.385
21	 0	 3	215.650	0.371
21	 0	 4	214.724	0.397
21	 0	 5	213.698	0.362
21	 0	 6	212.677	0.371
21	 0	 7	211.641	0.410
21	 1	 0	218.652	0.336
21	 1	 1	217.685	0.343
21	 1	 2	216.694	0.351
21	 1	 3	215.676	0.351
21	 1	 4	214.728	0.358
21	 1	 5	213.654	0.312
21	 1	 6	212.703	0.352
21	 1	 7	211.615	0.367
21	 2	 0	218.693	0.338
21	 2	 1	217.690	0.346
21	 2	 2	216.697	0.325
21	 2	 3	215.653	0.342
21	 2	 4	214.709	0.314
21	 2	 5	213.643	0.319
21	 2	 6	212.704	0.312
21	 2	 7	211.687	0.335
21	 3	 0	218.709	0.310
21	 3	 1	217.716	0.334
21	 3	 2	216.731	0.345
21	 3	 3	215.698	0.314
21	 3	 4	214.728	0.323
21	 3	 5	213.700	0.301
21	 3	 6	212.678	0.333
21	 3	 7	211.630	0.340
21	 4	 0	218.697	0.313
21	 4	 1	217.693	0.331
21	 4	 2	216.680	0.334
21	 4	 3	215.709	0.342
21	 4	 4	214.690	0.329
21	 4	 5	213.656	0.329
21	 4	 6	212.726	0.326
21	 4	 7	211.626	0.346
21	 5	 0	218.719	0.304
21	 5	 1	217.720	0.328
21	 5	 2	216.707	0.334
21	 5	 3	215.709	0.331
21	 5	 4	214.719	0.335
21	 5	 5	213.684	0.315
21	 5	 6	212.682	0.335
21	 5	 7	211.625	0.324
21	 6	 0	218.710	0.346
21	 6	 1	217.667	0.328
21	 6	 2	216.741	0.324
21	 6	 3	215.697	0.321
21	 6	 4	214.710	0.349
21	 6	 5	213.669	0.316
21	 6	 6	212.702	0.348
21	 6	 7	211.649	0.356
21	 7	 0	218.673	0.340
21	 7	 1	217.728	0.343
21	 7	 2	216.734	0.338
21	 7	 3	215.709	0.342
21	 7	 4	214.689	0.351
21	 7	 5	213.667	0.360
21	 7	 6	212.711	0.335
21	 7	 7	211.634	0.332
22	 0	 0	220.672	0.391
22	 0	 1	219.614	0.382
22	 0	 2	218.640	0.377
22	 0	 3	217.613	0.368
22	 0	 4	216.663	0.384
22	 0	 5	215.615	0.397
22	 0	 6	214.609	0.408
22	 0	 7	213.509	0.364
22	 1	 0	220.702	0.361
22	 1	 1	219.613	0.352
22	 1	 2	218.645	0.351
22	 1	 3	217.649	0.329
22	 1	 4	216.633	0.369
22	 1	 5	215.592	0.356
22	 1	 6	214.571	0.367
22	 1	 7	213.532	0.359
22	 2	 0	220.668	0.352
22	 2	 1	219.592	0.349
22	 2	 2	218.593	0.325
22	 2	 3	217.618	0.362
22	 2	 4	216.623	0.349
22	 2	 5	215.618	0.353
22	 2	 6	214.587	0.357
22	 2	 7	213.523	0.340
22	 3	 0	220.673	0.363
22	 3	 1	219.565	0.344
22	 3	 2	218.635	0.348
22	 3	 3	217.615	0.356
22	 3	 4	216.686	0.316
22	 3	 5	215.587	0.346
22	 3	 6	214.650	0.348
22	 3	 7	213.539	0.324
22	 4	 0	220.654	0.348
22	 4	 1	219.576	0.318
22	 4	 2	218.638	0.334
22	 4	 3	217.553	0.332
22	 4	 4	216.658	0.347
22	 4	 5	215.551	0.375
22	 4	 6	214.593	0.348
22	 4	 7	213.491	0.343
22	 5	 0	220.662	0.344
22	 5	 1	219.562	0.351
22	 5	 2	218.621	0.340
22	 5	 3	217.600	0.347
22	 5	 4	216.673	0.349
22	 5	 5	215.584	0.353
22	 5	 6	214.596	0.345
22	 5	 7	213.511	0.338
22	 6	 0	220.665	0.372
22	 6	 1	219.589	0.345
22	 6	 2	218.617	0.343
22	 6	 3	217.598	0.335
22	 6	 4	216.698	0.359
22	 6	 5	215.558	0.374
22	 6	 6	214.615	0.344
22	 6	 7	213.509	0.341
22	 7	 0	220.629	0.396
22	 7	 1	219.566	0.384
22	 7	 2	218.672	0.346
22	 7	 3	217.612	0.354
22	 7	 4	216.613	0.383
22	 7	 5	215.603	0.366
22	 7	 6	214.595	0.358
22	 7	 7	213.566	0.354
23	 0	 0	225.058	0.482
23	 0	 1	224.053	0.472
23	 0	 2	223.124	0.467
23	 0	 3	222.028	0.472
23	 0	 4	221.087	0.521
23	 0	 5	219.996	0.487
23	 0	 6	219.126	0.478
23	 0	 7	218.037	0.489
23	 1	 0	225.086	0.429
23	 1	 1	224.041	0.423
23	 1	 2	223.094	0.441
23	 1	 3	221.959	0.466
23	 1	 4	221.056	0.472
23	 1	 5	219.989	0.427
23	 1	 6	219.087	0.417
23	 1	 7	218.092	0.395
23	 2	 0	225.136	0.403
23	 2	 1	224.026	0.419
23	 2	 2	223.138	0.404
23	 2	 3	222.044	0.394
23	 2	 4	221.127	0.422
23	 2	 5	220.038	0.425
23	 2	 6	219.110	0.389
23	 2	 7	218.038	0.388
23	 3	 0	225.082	0.387
23	 3	 1	224.046	0.416
23	 3	 2	223.125	0.333
23	 3	 3	222.029	0.391
23	 3	 4	221.051	0.400
23	 3	 5	219.960	0.408
23	 3	 6	219.074	0.379
23	 3	 7	218.012	0.395
23	 4	 0	225.171	0.386
23	 4	 1	224.057	0.414
23	 4	 2	223.120	0.385
23	 4	 3	222.012	0.376
23	 4	 4	221.097	0.387
23	 4	 5	219.997	0.388
23	 4	 6	219.046	0.365
23	 4	 7	218.007	0.420
23	 5	 0	225.130	0.375
23	 5	 1	224.080	0.415
23	 5	 2	223.103	0.347
23	 5	 3	222.044	0.374
23	 5	 4	221.020	0.382
23	 5	 5	220.016	0.378
23	 5	 6	219.045	0.377
23	 5	 7	217.981	0.388
23	 6	 0	225.108	0.386
23	 6	 1	224.085	0.368
23	 6	 2	223.087	0.342
23	 6	 3	221.992	0.403
23	 6	 4	221.081	0.349
23	 6	 5	220.075	0.341
23	 6	 6	219.094	0.381
23	 6	 7	218.012	0.369
23	 7	 0	225.111	0.409
23	 7	 1	224.080	0.405
23	 7	 2	223.152	0.353
23	 7	 3	222.015	0.399
23	 7	 4	221.150	0.390
23	 7	 5	220.007	0.397
23	 7	 6	219.106	0.369
23	 7	 7	218.028	0.351
24	 0	 0	222.197	0.484
24	 0	 1	221.252	0.482
24	 0	 2	220.198	0.502
24	 0	 3	219.011	0.470
24	 0	 4	218.197	0.479
24	 0	 5	217.069	0.482
24	 0	 6	216.009	0.487
24	 0	 7	215.076	0.466
24	 1	 0	222.224	0.396
24	 1	 1	221.034	0.429
24	 1	 2	219.974	0.417
24	 1	 3	218.967	0.413
24	 1	 4	218.188	0.388
24	 1	 5	217.038	0.414
24	 1	 6	216.086	0.416
24	 1	 7	215.076	0.387
24	 2	 0	222.114	0.375
24	 2	 1	221.047	0.392
24	 2	 2	220.085	0.384
24	 2	 3	218.998	0.377
24	 2	 4	218.082	0.372
24	 2	 5	217.044	0.371
24	 2	 6	216.135	0.419
24	 2	 7	214.855	0.340
24	 3	 0	222.126	0.357
24	 3	 1	221.024	0.374
24	 3	 2	219.972	0.337
24	 3	 3	219.113	0.376
24	 3	 4	218.027	0.345
24	 3	 5	217.034	0.319
24	 3	 6	215.971	0.366
24	 3	 7	214.887	0.360
24	 4	 0	222.110	0.353
24	 4	 1	221.052	0.364
24	 4	 2	219.986	0.342
24	 4	 3	219.142	0.333
24	 4	 4	218.078	0.324
24	 4	 5	217.179	0.341
24	 4	 6	216.027	0.377
24	 4	 7	214.878	0.342
24	 5	 0	222.134	0.360
24	 5	 1	221.237	0.356
24	 5	 2	220.180	0.347
24	 5	 3	219.118	0.332
24	 5	 4	218.062	0.313
24	 5	 5	217.003	0.357
24	 5	 6	215.998	0.371
24	 5	 7	214.995	0.364
24	 6	 0	222.125	0.339
24	 6	 1	221.220	0.355
24	 6	 2	220.162	0.366
24	 6	 3	219.015	0.305
24	 6	 4	218.077	0.368
24	 6	 5	217.193	0.363
24	 6	 6	216.000	0.371
24	 6	 7	214.860	0.334
24	 7	 0	222.284	0.359
24	 7	 1	221.201	0.338
24	 7	 2	220.037	0.352
24	 7	 3	218.981	0.340
24	 7	 4	218.228	0.337
24	 7	 5	217.196	0.293
24	 7	 6	215.972	0.310
24	 7	 7	214.999	0.348
25	 0	 0	218.778	0.397
25	 0	 1	217.724	0.385
25	 0	 2	216.858	0.384
25	 0	 3	215.712	0.396
25	 0	 4	214.780	0.356
25	 0	 5	213.705	0.369
25	 0	 6	212.827	0.386
25	 0	 7	211.764	0.411
25	 1	 0	218.731	0.359
25	 1	 1	217.732	0.353
25	 1	 2	216.805	0.346
25	 1	 3	215.762	0.356
25	 1	 4	214.765	0.387
25	 1	 5	213.736	0.347
25	 1	 6	212.872	0.369
25	 1	 7	211.735	0.362
25	 2	 0	218.735	0.321
25	 2	 1	217.729	0.332
25	 2	 2	216.822	0.327
25	 2	 3	215.747	0.335
25	 2	 4	214.741	0.328
25	 2	 5	213.725	0.312
25	 2	 6	212.797	0.337
25	 2	 7	211.760	0.341
25	 3	 0	218.708	0.299
25	 3	 1	217.722	0.315
25	 3	 2	216.824	0.335
25	 3	 3	215.714	0.312
25	 3	 4	214.811	0.306
25	 3	 5	213.734	0.334
25	 3	 6	212.812	0.296
25	 3	 7	211.777	0.349
25	 4	 0	218.751	0.312
25	 4	 1	217.746	0.326
25	 4	 2	216.792	0.323
25	 4	 3	215.769	0.325
25	 4	 4	214.759	0.332
25	 4	 5	213.744	0.309
25	 4	 6	212.824	0.328
25	 4	 7	211.769	0.336
25	 5	 0	218.757	0.308
25	 5	 1	217.734	0.325
25	 5	 2	216.837	0.291
25	 5	 3	215.771	0.326
25	 5	 4	214.785	0.332
25	 5	 5	213.715	0.291
25	 5	 6	212.806	0.328
25	 5	 7	211.791	0.288
25	 6	 0	218.755	0.313
25	 6	 1	217.778	0.302
25	 6	 2	216.841	0.306
25	 6	 3	215.728	0.302
25	 6	 4	214.785	0.305
25	 6	 5	213.764	0.288
25	 6	 6	212.820	0.318
25	 6	 7	211.733	0.350
25	 7	 0	218.780	0.272
25	 7	 1	217.794	0.300
25	 7	 2	216.826	0.329
25	 7	 3	215.730	0.297
25	 7	 4	214.815	0.324
25	 7	 5	213.754	0.307
25	 7	 6	212.812	0.315
25	 7	 7	211.770	0.307
26	 0	 0	229.155	0.344
26	 0	 1	227.783	0.337
26	 0	 2	227.082	0.346
26	 0	 3	225.671	0.342
26	 0	 4	224.715	0.321
26	 0	 5	223.612	0.333
26	 0	 6	222.622	0.343
26	 0	 7	221.573	0.323
26	 1	 0	229.152	0.275
26	 1	 1	227.753	0.284
26	 1	 2	227.064	0.257
26	 1	 3	225.722	0.294
26	 1	 4	224.739	0.294
26	 1	 5	223.708	0.267
26	 1	 6	222.643	0.272
26	 1	 7	221.874	0.306
26	 2	 0	228.842	0.293
26	 2	 1	227.765	0.297
26	 2	 2	226.775	0.270
26	 2	 3	225.715	0.291
26	 2	 4	224.695	0.263
26	 2	 5	223.634	0.263
26	 2	 6	222.988	0.366
26	 2	 7	221.552	0.279
26	 3	 0	228.843	0.274
26	 3	 1	228.089	0.267
26	 3	 2	227.094	0.266
26	 3	 3	226.011	0.304
26	 3	 4	225.010	0.273
26	 3	 5	223.922	0.300
26	 3	 6	222.620	0.275
26	 3	 7	221.592	0.258
26	 4	 0	229.161	0.239
26	 4	 1	227.786	0.275
26	 4	 2	226.848	0.278
26	 4	 3	226.053	0.286
26	 4	 4	224.710	0.276
26	 4	 5	223.970	0.282
26	 4	 6	223.008	0.277
26	 4	 7	221.845	0.295
26	 5	 0	229.191	0.263
26	 5	 1	227.782	0.273
26	 5	 2	227.136	0.243
26	 5	 3	225.714	0.248
26	 5	 4	224.697	0.263
26	 5	 5	223.634	0.258
26	 5	 6	222.979	0.275
26	 5	 7	221.924	0.258
26	 6	 0	229.196	0.230
26	 6	 1	227.828	0.232
26	 6	 2	226.808	0.265
26	 6	 3	225.790	0.230
26	 6	 4	225.076	0.262
26	 6	 5	223.972	0.314
26	 6	 6	222.678	0.270
26	 6	 7	221.573	0.273
26	 7	 0	228.935	0.263
26	 7	 1	227.829	0.232
26	 7	 2	226.843	0.232
26	 7	 3	226.105	0.261
26	 7	 4	225.092	0.258
26	 7	 5	223.991	0.327
26	 7	 6	222.734	0.239
26	 7	 7	221.640	0.287
27	 0	 0	218.007	0.392
27	 0	 1	216.963	0.371
27	 0	 2	216.020	0.399
27	 0	 3	214.932	0.351
27	 0	 4	213.914	0.377
27	 0	 5	212.923	0.386
27	 0	 6	211.910	0.403
27	 0	 7	210.846	0.403
27	 1	 0	218.031	0.268
27	 1	 1	216.942	0.371
27	 1	 2	216.071	0.350
27	 1	 3	214.893	0.346
27	 1	 4	213.901	0.329
27	 1	 5	212.905	0.317
27	 1	 6	211.904	0.360
27	 1	 7	210.890	0.329
27	 2	 0	218.016	0.270
27	 2	 1	216.954	0.306
27	 2	 2	216.009	0.324
27	 2	 3	214.926	0.339
27	 2	 4	213.896	0.311
27	 2	 5	212.935	0.275
27	 2	 6	211.900	0.364
27	 2	 7	210.811	0.337
27	 3	 0	218.025	0.329
27	 3	 1	216.994	0.324
27	 3	 2	216.050	0.277
27	 3	 3	214.967	0.270
27	 3	 4	213.911	0.319
27	 3	 5	212.924	0.324
27	 3	 6	211.926	0.303
27	 3	 7	210.849	0.310
27	 4	 0	218.047	0.310
27	 4	 1	216.992	0.304
27	 4	 2	216.028	0.352
27	 4	 3	214.936	0.309
27	 4	 4	213.958	0.307
27	 4	 5	212.855	0.322
27	 4	 6	211.898	0.253
27	 4	 7	210.845	0.308
27	 5	 0	218.047	0.310
27	 5	 1	217.001	0.306
27	 5	 2	216.015	0.284
27	 5	 3	214.910	0.317
27	 5	 4	213.945	0.272
27	 5	 5	212.901	0.327
27	 5	 6	211.952	0.309
27	 5	 7	210.827	0.302
27	 6	 0	218.009	0.312
27	 6	 1	217.032	0.273
27	 6	 2	215.999	0.285
27	 6	 3	214.954	0.328
27	 6	 4	213.955	0.346
27	 6	 5	212.906	0.315
27	 6	 6	211.928	0.267
27	 6	 7	210.796	0.309
27	 7	 0	218.018	0.320
27	 7	 1	217.009	0.276
27	 7	 2	215.999	0.308
27	 7	 3	214.943	0.311
27	 7	 4	213.935	0.303
27	 7	 5	212.931	0.303
27	 7	 6	211.932	0.323
27	 7	 7	210.807	0.362
28	 0	 0	228.000	0.377
28	 0	 1	226.960	0.366
28	 0	 2	225.960	0.347
28	 0	 3	224.773	0.352
28	 0	 4	223.845	0.336
28	 0	 5	222.818	0.340
28	 0	 6	221.903	0.374
28	 0	 7	220.753	0.343
28	 1	 0	227.993	0.337
28	 1	 1	226.917	0.299
28	 1	 2	225.926	0.300
28	 1	 3	224.797	0.331
28	 1	 4	223.871	0.304
28	 1	 5	222.811	0.323
28	 1	 6	221.872	0.304
28	 1	 7	220.720	0.299
28	 2	 0	227.982	0.335
28	 2	 1	226.897	0.246
28	 2	 2	225.903	0.313
28	 2	 3	224.829	0.290
28	 2	 4	223.901	0.294
28	 2	 5	222.786	0.305
28	 2	 6	221.838	0.325
28	 2	 7	220.769	0.280
28	 3	 0	227.980	0.324
28	 3	 1	226.917	0.272
28	 3	 2	225.956	0.275
28	 3	 3	224.804	0.281
28	 3	 4	223.874	0.258
28	 3	 5	222.843	0.274
28	 3	 6	221.858	0.323
28	 3	 7	220.755	0.275
28	 4	 0	228.033	0.291
28	 4	 1	226.892	0.324
28	 4	 2	225.970	0.278
28	 4	 3	224.817	0.298
28	 4	 4	223.874	0.258
28	 4	 5	222.847	0.275
28	 4	 6	221.901	0.252
28	 4	 7	220.757	0.264
28	 5	 0	228.020	0.269
28	 5	 1	226.960	0.282
28	 5	 2	225.930	0.326
28	 5	 3	224.822	0.288
28	 5	 4	223.835	0.324
28	 5	 5	222.822	0.299
28	 5	 6	221.872	0.304
28	 5	 7	220.784	0.286
28	 6	 0	228.057	0.262
28	 6	 1	226.947	0.279
28	 6	 2	225.956	0.307
28	 6	 3	224.854	0.299
28	 6	 4	223.886	0.289
28	 6	 5	222.827	0.301
28	 6	 6	221.860	0.313
28	 6	 7	220.787	0.274
28	 7	 0	228.048	0.282
28	 7	 1	226.931	0.303
28	 7	 2	225.939	0.281
28	 7	 3	224.870	0.304
28	 7	 4	223.883	0.307
28	 7	 5	222.813	0.307
28	 7	 6	221.851	0.297
28	 7	 7	220.809	0.295
29	 0	 0	222.197	0.320
29	 0	 1	221.116	0.322
29	 0	 2	220.142	0.349
29	 0	 3	219.109	0.326
29	 0	 4	218.319	0.310
29	 0	 5	217.312	0.345
29	 0	 6	216.322	0.320
29	 0	 7	215.270	0.344
29	 1	 0	222.173	0.302
29	 1	 1	221.158	0.318
29	 1	 2	220.081	0.270
29	 1	 3	219.097	0.314
29	 1	 4	218.326	0.268
29	 1	 5	217.310	0.314
29	 1	 6	216.308	0.297
29	 1	 7	215.272	0.296
29	 2	 0	222.145	0.322
29	 2	 1	221.098	0.295
29	 2	 2	220.148	0.321
29	 2	 3	219.103	0.246
29	 2	 4	218.326	0.268
29	 2	 5	217.321	0.292
29	 2	 6	216.327	0.310
29	 2	 7	215.231	0.298
29	 3	 0	222.175	0.268
29	 3	 1	221.140	0.313
29	 3	 2	220.125	0.259
29	 3	 3	219.079	0.273
29	 3	 4	218.300	0.245
29	 3	 5	217.298	0.265
29	 3	 6	216.312	0.286
29	 3	 7	215.237	0.278
29	 4	 0	222.190	0.263
29	 4	 1	221.109	0.292
29	 4	 2	220.109	0.263
29	 4	 3	219.102	0.247
29	 4	 4	218.312	0.267
29	 4	 5	217.302	0.278
29	 4	 6	216.342	0.296
29	 4	 7	215.256	0.289
29	 5	 0	222.190	0.306
29	 5	 1	221.156	0.307
29	 5	 2	220.149	0.253
29	 5	 3	219.163	0.305
29	 5	 4	218.327	0.289
29	 5	 5	217.262	0.240
29	 5	 6	216.288	0.269
29	 5	 7	215.281	0.279
29	 6	 0	222.239	0.303
29	 6	 1	221.180	0.286
29	 6	 2	220.157	0.276
29	 6	 3	219.111	0.291
29	 6	 4	218.314	0.250
29	 6	 5	217.313	0.273
29	 6	 6	216.336	0.294
29	 6	 7	215.223	0.219
29	 7	 0	222.220	0.310
29	 7	 1	221.143	0.299
29	 7	 2	220.172	0.301
29	 7	 3	219.119	0.307
29	 7	 4	218.332	0.277
29	 7	 5	217.300	0.291
29	 7	 6	216.343	0.291
29	 7	 7	215.263	0.278
30	 0	 0	222.893	0.326
30	 0	 1	221.897	0.337
30	 0	 2	220.827	0.329
30	 0	 3	219.804	0.340
30	 0	 4	218.914	0.352
30	 0	 5	217.876	0.341
30	 0	 6	216.895	0.355
30	 0	 7	215.784	0.325
30	 1	 0	222.913	0.261
30	 1	 1	221.880	0.307
30	 1	 2	220.859	0.313
30	 1	 3	219.801	0.279
30	 1	 4	218.876	0.287
30	 1	 5	217.871	0.246
30	 1	 6	216.900	0.312
30	 1	 7	215.818	0.317
30	 2	 0	222.914	0.261
30	 2	 1	221.851	0.297
30	 2	 2	220.734	0.285
30	 2	 3	219.771	0.253
30	 2	 4	218.882	0.289
30	 2	 5	217.869	0.245
30	 2	 6	216.878	0.305
30	 2	 7	215.873	0.243
30	 3	 0	222.904	0.293
30	 3	 1	221.854	0.322
30	 3	 2	220.840	0.275
30	 3	 3	219.802	0.263
30	 3	 4	218.880	0.243
30	 3	 5	217.856	0.242
30	 3	 6	216.886	0.256
30	 3	 7	215.837	0.275
30	 4	 0	222.909	0.315
30	 4	 1	221.864	0.242
30	 4	 2	220.882	0.243
30	 4	 3	219.762	0.277
30	 4	 4	218.833	0.274
30	 4	 5	217.853	0.241
30	 4	 6	216.891	0.290
30	 4	 7	215.810	0.295
30	 5	 0	222.931	0.265
30	 5	 1	221.841	0.273
30	 5	 2	220.882	0.243
30	 5	 3	219.779	0.271
30	 5	 4	218.888	0.245
30	 5	 5	217.886	0.287
30	 5	 6	216.864	0.300
30	 5	 7	215.799	0.332
30	 6	 0	222.917	0.297
30	 6	 1	221.825	0.288
30	 6	 2	220.864	0.302
30	 6	 3	219.774	0.301
30	 6	 4	218.902	0.314
30	 6	 5	217.848	0.297
30	 6	 6	216.919	0.264
30	 6	 7	215.818	0.285
30	 7	 0	222.923	0.263
30	 7	 1	221.829	0.290
30	 7	 2	220.881	0.320
30	 7	 3	219.811	0.266
30	 7	 4	218.910	0.250
30	 7	 5	217.846	0.274
30	 7	 6	216.898	0.312
30	 7	 7	215.839	0.306
31	 0	 0	223.177	0.354
31	 0	 1	222.192	0.363
31	 0	 2	221.140	0.350
31	 0	 3	220.081	0.333
31	 0	 4	219.141	0.324
31	 0	 5	218.127	0.340
31	 0	 6	217.130	0.302
31	 0	 7	216.097	0.349
31	 1	 0	223.174	0.287
31	 1	 1	222.158	0.318
31	 1	 2	221.177	0.342
31	 1	 3	220.074	0.349
31	 1	 4	219.133	0.284
31	 1	 5	218.109	0.249
31	 1	 6	217.130	0.249
31	 1	 7	216.082	0.269
31	 2	 0	223.156	0.294
31	 2	 1	222.157	0.318
31	 2	 2	221.120	0.306
31	 2	 3	220.093	0.296
31	 2	 4	219.125	0.286
31	 2	 5	218.137	0.315
31	 2	 6	217.115	0.253
31	 2	 7	216.044	0.317
31	 3	 0	223.120	0.286
31	 3	 1	222.178	0.300
31	 3	 2	221.133	0.302
31	 3	 3	220.037	0.280
31	 3	 4	219.122	0.306
31	 3	 5	218.091	0.299
31	 3	 6	217.131	0.282
31	 3	 7	216.078	0.300
31	 4	 0	223.122	0.286
31	 4	 1	222.030	0.268
31	 4	 2	221.140	0.282
31	 4	 3	220.044	0.279
31	 4	 4	219.107	0.326
31	 4	 5	218.152	0.275
31	 4	 6	217.175	0.301
31	 4	 7	216.080	0.270
31	 5	 0	223.162	0.316
31	 5	 1	222.128	0.246
31	 5	 2	221.135	0.316
31	 5	 3	220.045	0.308
31	 5	 4	219.099	0.248
31	 5	 5	218.097	0.252
31	 5	 6	217.181	0.266
31	 5	 7	216.061	0.324
31	 6	 0	223.196	0.293
31	 6	 1	222.113	0.334
31	 6	 2	221.027	0.311
31	 6	 3	220.064	0.275
31	 6	 4	219.115	0.333
31	 6	 5	218.109	0.311
31	 6	 6	217.143	0.278
31	 6	 7	216.096	0.328
31	 7	 0	223.197	0.303
31	 7	 1	222.111	0.335
31	 7	 2	221.166	0.315
31	 7	 3	220.038	0.341
31	 7	 4	219.115	0.243
31	 7	 5	218.173	0.289
31	 7	 6	217.136	0.281
31	 7	 7	216.071	0.321
