ch	pt	m	q
 0	 0	0.1313	111.5028
 0	 1	0.1558	107.2320
 0	 2	0.1147	114.3989
 0	 3	0.1340	110.9947
 0	 4	0.1313	111.5053
 0	 5	0.1367	110.4377
 0	 6	0.1628	105.8287
 0	 7	0.1581	106.6691
 1	 0	0.1413	108.3898
 1	 1	0.1251	111.4447
 1	 2	0.0958	116.8121
 1	 3	0.1448	107.7454
 1	 4	0.1119	113.8454
 1	 5	0.1351	109.4279
 1	 6	0.1149	113.2007
 1	 7	0.1250	111.3249
 2	 0	0.1519	114.4060
 2	 1	0.1498	114.7540
 2	 2	0.1312	117.1426
 2	 3	0.1227	118.3014
 2	 4	0.1380	116.2774
 2	 5	0.1431	115.5043
 2	 6	0.1244	117.9852
 2	 7	0.1536	114.1114
 3	 0	0.1453	110.4327
 3	 1	0.1192	114.8323
 3	 2	0.1185	114.9031
 3	 3	0.1117	116.0548
 3	 4	0.1126	115.8935
 3	 5	0.1387	111.4278
 3	 6	0.1347	112.1262
 3	 7	0.1139	115.5774
 4	 0	0.1855	111.4208
 4	 1	0.1829	111.8149
 4	 2	0.1417	116.9262
 4	 3	0.1583	114.8298
 4	 4	0.1415	116.9427
 4	 5	0.1241	119.0126
 4	 6	0.1224	119.2319
 4	 7	0.1366	117.4467
 5	 0	0.2148	115.5768
 5	 1	0.1750	119.1713
 5	 2	0.1567	120.7197
 5	 3	0.1630	120.1733
 5	 4	0.1679	119.7344
 5	 5	0.1567	120.6202
 5	 6	0.1732	119.1484
 5	 7	0.1591	120.4328
 6	 0	0.2040	101.6670
 6	 1	0.1723	106.8619
 6	 2	0.1319	113.2959
 6	 3	0.1323	113.2529
 6	 4	0.1411	111.8627
 6	 5	0.1387	112.1443
 6	 6	0.1376	112.3200
 6	 7	0.1321	113.2050
 7	 0	0.2319	109.6704
 7	 1	0.1986	113.2944
 7	 2	0.1670	116.6234
 7	 3	0.1543	118.0027
 7	 4	0.1559	117.8426
 7	 5	0.1742	115.7477
 7	 6	0.1511	118.2624
 7	 7	0.1153	122.1221
 8	 0	0.2203	103.4613
 8	 1	0.1916	107.5799
 8	 2	0.1659	111.1471
 8	 3	0.1683	110.8167
 8	 4	0.1657	111.2275
 8	 5	0.1804	109.0097
 8	 6	0.1708	110.4190
 8	 7	0.1816	108.9070
 9	 0	0.1983	103.9796
 9	 1	0.1640	109.3196
 9	 2	0.1592	109.9568
 9	 3	0.1578	110.2461
 9	 4	0.1603	109.8674
 9	 5	0.1727	107.8354
 9	 6	0.1638	109.2311
 9	 7	0.1834	106.2419
10	 0	0.1960	109.7887
10	 1	0.1535	115.2022
10	 2	0.1264	118.5937
10	 3	0.1559	114.7883
10	 4	0.1511	115.4429
10	 5	0.1630	113.7961
10	 6	0.1580	114.4729
10	 7	0.1606	114.1439
11	 0	0.1725	115.4307
11	 1	0.1788	114.7963
11	 2	0.1636	116.4611
11	 3	0.1632	116.4748
11	 4	0.1633	116.4816
11	 5	0.1830	114.1713
11	 6	0.1660	116.0265
11	 7	0.1940	113.0190
12	 0	0.1843	111.0094
12	 1	0.1898	110.3368
12	 2	0.1600	114.0872
12	 3	0.1609	113.9926
12	 4	0.1616	113.9436
12	 5	0.1911	110.0399
12	 6	0.1859	110.7567
12	 7	0.1994	109.0753
13	 0	0.1707	105.4280
13	 1	0.1479	109.3878
13	 2	0.1472	109.4316
13	 3	0.1762	104.4744
13	 4	0.1568	107.8417
13	 5	0.1727	104.9965
13	 6	0.1745	104.7059
13	 7	0.1830	103.2970
14	 0	0.1414	119.0016
14	 1	0.1450	118.6337
14	 2	0.1351	119.6386
14	 3	0.1486	118.1704
14	 4	0.1447	118.6413
14	 5	0.1708	115.6093
14	 6	0.1674	116.0226
14	 7	0.1729	115.4124
15	 0	0.1375	115.0402
15	 1	0.1323	115.8973
15	 2	0.1260	116.7231
15	 3	0.1264	116.6811
15	 4	0.1330	115.7425
15	 5	0.1578	112.1187
15	 6	0.1633	111.3299
15	 7	0.1711	110.2198
16	 0	0.1425	114.5865
16	 1	0.1645	111.5284
16	 2	0.1637	111.5592
16	 3	0.1725	110.3521
16	 4	0.1845	108.6696
16	 5	0.1963	106.9080
16	 6	0.1978	106.7023
16	 7	0.2027	106.0368
17	 0	0.1908	116.9655
17	 1	0.1990	116.2409
17	 2	0.1858	117.4173
17	 3	0.1875	117.3390
17	 4	0.1932	116.8144
17	 5	0.2123	114.9600
17	 6	0.2144	114.7592
17	 7	0.2240	113.8696
18	 0	0.1722	105.7161
18	 1	0.1596	107.8511
18	 2	0.1423	110.7238
18	 3	0.1607	107.6258
18	 4	0.1791	104.5617
18	 5	0.1753	105.0803
18	 6	0.1847	103.5416
18	 7	0.2040	100.2764
19	 0	0.1858	119.4274
19	 1	0.2077	117.6936
19	 2	0.2113	117.3627
19	 3	0.2248	116.2001
19	 4	0.1987	118.3857
19	 5	0.2370	115.1577
19	 6	0.2169	116.8071
19	 7	0.2255	116.0805
20	 0	0.2161	104.6312
20	 1	0.1864	108.7737
20	 2	0.1731	110.5526
20	 3	0.1615	112.2097
20	 4	0.1859	108.7916
20	 5	0.1973	107.1243
20	 6	0.1722	110.6175
20	 7	0.2126	105.0061
21	 0	0.2022	110.3465
21	 1	0.1993	110.7032
21	 2	0.1607	115.2878
21	 3	0.1685	114.3876
21	 4	0.1733	113.8525
21	 5	0.1821	112.6214
21	 6	0.1933	111.2789
21	 7	0.1923	111.4235
22	 0	0.2161	104.0075
22	 1	0.1947	107.1122
22	 2	0.1680	110.8028
22	 3	0.1650	111.2299
22	 4	0.1792	109.2437
22	 5	0.1870	108.0189
22	 6	0.1886	107.8277
22	 7	0.1865	108.1641
23	 0	0.2331	107.0458
23	 1	0.2225	108.3407
23	 2	0.1841	112.8386
23	 3	0.1929	111.8262
23	 4	0.1942	111.6746
23	 5	0.1823	112.9555
23	 6	0.2070	110.0621
23	 7	0.2097	109.7047
24	 0	0.2220	107.3097
24	 1	0.2062	109.2744
24	 2	0.1730	113.3203
24	 3	0.1635	114.5144
24	 4	0.1737	113.2606
24	 5	0.1830	111.9986
24	 6	0.1647	114.2736
24	 7	0.1844	111.8638
25	 0	0.1966	100.9994
25	 1	0.1882	102.4961
25	 2	0.1471	109.4838
25	 3	0.1592	107.4062
25	 4	0.1435	110.0798
25	 5	0.1775	104.1866
25	 6	0.1607	107.0642
25	 7	0.1539	108.2027
26	 0	0.1899	110.3678
26	 1	0.1804	111.6556
26	 2	0.1495	115.5275
26	 3	0.1420	116.5145
26	 4	0.1517	115.2560
26	 5	0.1730	112.3853
26	 6	0.1803	111.4478
26	 7	0.1689	112.9395
27	 0	0.1904	100.3453
27	 1	0.1579	106.2585
27	 2	0.1477	108.0231
27	 3	0.1683	104.3447
27	 4	0.1576	106.2973
27	 5	0.1662	104.6322
27	 6	0.1748	103.0771
27	 7	0.1637	105.0673
28	 0	0.1680	116.6890
28	 1	0.1489	118.7628
28	 2	0.1468	118.9553
28	 3	0.1685	116.6282
28	 4	0.1436	119.3241
28	 5	0.1722	116.1638
28	 6	0.1615	117.3162
28	 7	0.1882	114.4666
29	 0	0.1625	115.3414
29	 1	0.1300	119.2859
29	 2	0.1341	118.7280
29	 3	0.1636	115.2442
29	 4	0.1483	117.0944
29	 5	0.1781	113.4568
29	 6	0.1745	113.8612
29	 7	0.1892	112.1544
30	 0	0.1372	115.9542
30	 1	0.1464	114.7538
30	 2	0.1255	117.5446
30	 3	0.1454	114.8701
30	 4	0.1519	113.9776
30	 5	0.1783	110.2576
30	 6	0.1459	114.6800
30	 7	0.1996	107.3783
31	 0	0.1165	121.7202
31	 1	0.1665	116.2756
31	 2	0.1363	119.5455
31	 3	0.1446	118.6398
31	 4	0.1474	118.3452
31	 5	0.1821	114.4129
31	 6	0.1684	115.9586
31	 7	0.1882	113.7227
